Objective Function: Diversity 
lengthPopulation: 200 
lengthChromosome: 8 
lengthMatingPool: 150 
generations:  100 
------------------------------------ 
Selection Method: Tournament 
Reproduction Method: Mutation 
Replacement Selection Method: Weakest Replacement 

Results: 
Generation 1 (1) (U.S: 1) -> [[2, 7, 3, 6, 0, 5, 1, 4]] 
Generation 2 (1) (U.S: 1) -> [[2, 7, 3, 6, 0, 5, 1, 4]] 
Generation 3 (1) (U.S: 1) -> [[2, 7, 3, 6, 0, 5, 1, 4]] 
Generation 4 (1) (U.S: 1) -> [[2, 7, 3, 6, 0, 5, 1, 4]] 
Generation 5 (1) (U.S: 1) -> [[2, 7, 3, 6, 0, 5, 1, 4]] 
Generation 6 (1) (U.S: 1) -> [[2, 7, 3, 6, 0, 5, 1, 4]] 
Generation 7 (1) (U.S: 1) -> [[2, 7, 3, 6, 0, 5, 1, 4]] 
Generation 8 (1) (U.S: 1) -> [[2, 7, 3, 6, 0, 5, 1, 4]] 
Generation 9 (1) (U.S: 1) -> [[2, 7, 3, 6, 0, 5, 1, 4]] 
Generation 10 (1) (U.S: 1) -> [[2, 7, 3, 6, 0, 5, 1, 4]] 
Generation 11 (1) (U.S: 1) -> [[2, 7, 3, 6, 0, 5, 1, 4]] 
Generation 12 (1) (U.S: 1) -> [[2, 7, 3, 6, 0, 5, 1, 4]] 
Generation 13 (1) (U.S: 1) -> [[2, 7, 3, 6, 0, 5, 1, 4]] 
Generation 14 (1) (U.S: 1) -> [[2, 7, 3, 6, 0, 5, 1, 4]] 
Generation 15 (1) (U.S: 1) -> [[2, 7, 3, 6, 0, 5, 1, 4]] 
Generation 16 (1) (U.S: 1) -> [[2, 7, 3, 6, 0, 5, 1, 4]] 
Generation 17 (1) (U.S: 1) -> [[2, 7, 3, 6, 0, 5, 1, 4]] 
Generation 18 (1) (U.S: 1) -> [[2, 7, 3, 6, 0, 5, 1, 4]] 
Generation 19 (1) (U.S: 1) -> [[2, 7, 3, 6, 0, 5, 1, 4]] 
Generation 20 (1) (U.S: 1) -> [[2, 7, 3, 6, 0, 5, 1, 4]] 
Generation 21 (1) (U.S: 1) -> [[2, 7, 3, 6, 0, 5, 1, 4]] 
Generation 22 (1) (U.S: 1) -> [[2, 7, 3, 6, 0, 5, 1, 4]] 
Generation 23 (1) (U.S: 1) -> [[2, 7, 3, 6, 0, 5, 1, 4]] 
Generation 24 (1) (U.S: 1) -> [[2, 7, 3, 6, 0, 5, 1, 4]] 
Generation 25 (1) (U.S: 1) -> [[2, 7, 3, 6, 0, 5, 1, 4]] 
Generation 26 (1) (U.S: 1) -> [[2, 7, 3, 6, 0, 5, 1, 4]] 
Generation 27 (1) (U.S: 1) -> [[2, 7, 3, 6, 0, 5, 1, 4]] 
Generation 28 (1) (U.S: 1) -> [[2, 7, 3, 6, 0, 5, 1, 4]] 
Generation 29 (1) (U.S: 1) -> [[2, 7, 3, 6, 0, 5, 1, 4]] 
Generation 30 (1) (U.S: 1) -> [[2, 7, 3, 6, 0, 5, 1, 4]] 
Generation 31 (1) (U.S: 1) -> [[2, 7, 3, 6, 0, 5, 1, 4]] 
Generation 32 (1) (U.S: 1) -> [[2, 7, 3, 6, 0, 5, 1, 4]] 
Generation 33 (1) (U.S: 1) -> [[2, 7, 3, 6, 0, 5, 1, 4]] 
Generation 34 (1) (U.S: 1) -> [[2, 7, 3, 6, 0, 5, 1, 4]] 
Generation 35 (1) (U.S: 1) -> [[2, 7, 3, 6, 0, 5, 1, 4]] 
Generation 36 (1) (U.S: 1) -> [[2, 7, 3, 6, 0, 5, 1, 4]] 
Generation 37 (1) (U.S: 1) -> [[2, 7, 3, 6, 0, 5, 1, 4]] 
Generation 38 (1) (U.S: 1) -> [[2, 7, 3, 6, 0, 5, 1, 4]] 
Generation 39 (1) (U.S: 1) -> [[2, 7, 3, 6, 0, 5, 1, 4]] 
Generation 40 (1) (U.S: 1) -> [[2, 7, 3, 6, 0, 5, 1, 4]] 
Generation 41 (1) (U.S: 1) -> [[2, 7, 3, 6, 0, 5, 1, 4]] 
Generation 42 (1) (U.S: 1) -> [[2, 7, 3, 6, 0, 5, 1, 4]] 
Generation 43 (1) (U.S: 1) -> [[2, 7, 3, 6, 0, 5, 1, 4]] 
Generation 44 (1) (U.S: 1) -> [[2, 7, 3, 6, 0, 5, 1, 4]] 
Generation 45 (1) (U.S: 1) -> [[2, 7, 3, 6, 0, 5, 1, 4]] 
Generation 46 (1) (U.S: 1) -> [[2, 7, 3, 6, 0, 5, 1, 4]] 
Generation 47 (1) (U.S: 1) -> [[2, 7, 3, 6, 0, 5, 1, 4]] 
Generation 48 (1) (U.S: 1) -> [[2, 7, 3, 6, 0, 5, 1, 4]] 
Generation 49 (1) (U.S: 1) -> [[2, 7, 3, 6, 0, 5, 1, 4]] 
Generation 50 (1) (U.S: 1) -> [[2, 7, 3, 6, 0, 5, 1, 4]] 
Generation 51 (1) (U.S: 1) -> [[2, 7, 3, 6, 0, 5, 1, 4]] 
Generation 52 (1) (U.S: 1) -> [[2, 7, 3, 6, 0, 5, 1, 4]] 
Generation 53 (1) (U.S: 1) -> [[2, 7, 3, 6, 0, 5, 1, 4]] 
Generation 54 (1) (U.S: 1) -> [[2, 7, 3, 6, 0, 5, 1, 4]] 
Generation 55 (1) (U.S: 1) -> [[2, 7, 3, 6, 0, 5, 1, 4]] 
Generation 56 (1) (U.S: 1) -> [[2, 7, 3, 6, 0, 5, 1, 4]] 
Generation 57 (1) (U.S: 1) -> [[2, 7, 3, 6, 0, 5, 1, 4]] 
Generation 58 (1) (U.S: 1) -> [[2, 7, 3, 6, 0, 5, 1, 4]] 
Generation 59 (1) (U.S: 1) -> [[2, 7, 3, 6, 0, 5, 1, 4]] 
Generation 60 (1) (U.S: 1) -> [[2, 7, 3, 6, 0, 5, 1, 4]] 
Generation 61 (1) (U.S: 1) -> [[2, 7, 3, 6, 0, 5, 1, 4]] 
Generation 62 (2) (U.S: 2) -> [[3, 1, 6, 2, 5, 7, 4, 0], [2, 7, 3, 6, 0, 5, 1, 4]] 
Generation 63 (2) (U.S: 2) -> [[3, 1, 6, 2, 5, 7, 4, 0], [2, 7, 3, 6, 0, 5, 1, 4]] 
Generation 64 (2) (U.S: 2) -> [[3, 1, 6, 2, 5, 7, 4, 0], [2, 7, 3, 6, 0, 5, 1, 4]] 
Generation 65 (2) (U.S: 2) -> [[3, 1, 6, 2, 5, 7, 4, 0], [2, 7, 3, 6, 0, 5, 1, 4]] 
Generation 66 (2) (U.S: 2) -> [[3, 1, 6, 2, 5, 7, 4, 0], [2, 7, 3, 6, 0, 5, 1, 4]] 
Generation 67 (2) (U.S: 2) -> [[3, 1, 6, 2, 5, 7, 4, 0], [2, 7, 3, 6, 0, 5, 1, 4]] 
Generation 68 (2) (U.S: 2) -> [[3, 1, 6, 2, 5, 7, 4, 0], [2, 7, 3, 6, 0, 5, 1, 4]] 
Generation 69 (2) (U.S: 2) -> [[3, 1, 6, 2, 5, 7, 4, 0], [2, 7, 3, 6, 0, 5, 1, 4]] 
Generation 70 (2) (U.S: 2) -> [[3, 1, 6, 2, 5, 7, 4, 0], [2, 7, 3, 6, 0, 5, 1, 4]] 
Generation 71 (2) (U.S: 2) -> [[3, 1, 6, 2, 5, 7, 4, 0], [2, 7, 3, 6, 0, 5, 1, 4]] 
Generation 72 (2) (U.S: 2) -> [[3, 1, 6, 2, 5, 7, 4, 0], [2, 7, 3, 6, 0, 5, 1, 4]] 
Generation 73 (2) (U.S: 2) -> [[3, 1, 6, 2, 5, 7, 4, 0], [2, 7, 3, 6, 0, 5, 1, 4]] 
Generation 74 (2) (U.S: 2) -> [[3, 1, 6, 2, 5, 7, 4, 0], [2, 7, 3, 6, 0, 5, 1, 4]] 
Generation 75 (2) (U.S: 2) -> [[3, 1, 6, 2, 5, 7, 4, 0], [2, 7, 3, 6, 0, 5, 1, 4]] 
Generation 76 (2) (U.S: 2) -> [[3, 1, 6, 2, 5, 7, 4, 0], [2, 7, 3, 6, 0, 5, 1, 4]] 
Generation 77 (2) (U.S: 2) -> [[3, 1, 6, 2, 5, 7, 4, 0], [2, 7, 3, 6, 0, 5, 1, 4]] 
Generation 78 (2) (U.S: 2) -> [[3, 1, 6, 2, 5, 7, 4, 0], [2, 7, 3, 6, 0, 5, 1, 4]] 
Generation 79 (2) (U.S: 2) -> [[3, 1, 6, 2, 5, 7, 4, 0], [2, 7, 3, 6, 0, 5, 1, 4]] 
Generation 80 (2) (U.S: 2) -> [[3, 1, 6, 2, 5, 7, 4, 0], [2, 7, 3, 6, 0, 5, 1, 4]] 
Generation 81 (2) (U.S: 2) -> [[3, 1, 6, 2, 5, 7, 4, 0], [2, 7, 3, 6, 0, 5, 1, 4]] 
Generation 82 (2) (U.S: 2) -> [[3, 1, 6, 2, 5, 7, 4, 0], [2, 7, 3, 6, 0, 5, 1, 4]] 
Generation 83 (2) (U.S: 2) -> [[3, 1, 6, 2, 5, 7, 4, 0], [2, 7, 3, 6, 0, 5, 1, 4]] 
Generation 84 (2) (U.S: 2) -> [[3, 1, 6, 2, 5, 7, 4, 0], [2, 7, 3, 6, 0, 5, 1, 4]] 
Generation 85 (2) (U.S: 2) -> [[3, 1, 6, 2, 5, 7, 4, 0], [2, 7, 3, 6, 0, 5, 1, 4]] 
Generation 86 (2) (U.S: 2) -> [[3, 1, 6, 2, 5, 7, 4, 0], [2, 7, 3, 6, 0, 5, 1, 4]] 
Generation 87 (2) (U.S: 2) -> [[3, 1, 6, 2, 5, 7, 4, 0], [2, 7, 3, 6, 0, 5, 1, 4]] 
Generation 88 (2) (U.S: 2) -> [[3, 1, 6, 2, 5, 7, 4, 0], [2, 7, 3, 6, 0, 5, 1, 4]] 
Generation 89 (2) (U.S: 2) -> [[3, 1, 6, 2, 5, 7, 4, 0], [2, 7, 3, 6, 0, 5, 1, 4]] 
Generation 90 (2) (U.S: 2) -> [[3, 1, 6, 2, 5, 7, 4, 0], [2, 7, 3, 6, 0, 5, 1, 4]] 
Generation 91 (2) (U.S: 2) -> [[3, 1, 6, 2, 5, 7, 4, 0], [2, 7, 3, 6, 0, 5, 1, 4]] 
Generation 92 (2) (U.S: 2) -> [[3, 1, 6, 2, 5, 7, 4, 0], [2, 7, 3, 6, 0, 5, 1, 4]] 
Generation 93 (2) (U.S: 2) -> [[3, 1, 6, 2, 5, 7, 4, 0], [2, 7, 3, 6, 0, 5, 1, 4]] 
Generation 94 (2) (U.S: 2) -> [[3, 1, 6, 2, 5, 7, 4, 0], [2, 7, 3, 6, 0, 5, 1, 4]] 
Generation 95 (2) (U.S: 2) -> [[3, 1, 6, 2, 5, 7, 4, 0], [2, 7, 3, 6, 0, 5, 1, 4]] 
Generation 96 (2) (U.S: 2) -> [[3, 1, 6, 2, 5, 7, 4, 0], [2, 7, 3, 6, 0, 5, 1, 4]] 
Generation 97 (2) (U.S: 2) -> [[3, 1, 6, 2, 5, 7, 4, 0], [2, 7, 3, 6, 0, 5, 1, 4]] 
Generation 98 (2) (U.S: 2) -> [[3, 1, 6, 2, 5, 7, 4, 0], [2, 7, 3, 6, 0, 5, 1, 4]] 
Generation 99 (2) (U.S: 2) -> [[3, 1, 6, 2, 5, 7, 4, 0], [2, 7, 3, 6, 0, 5, 1, 4]] 
Generation 100 (2) (U.S: 2) -> [[3, 1, 6, 2, 5, 7, 4, 0], [2, 7, 3, 6, 0, 5, 1, 4]] 
------------------------------------ 
The 2 solutions found are: 
3
1
6
2
5
7
4
0
2
7
3
6
0
5
1
4
