Objective Function: Diversity 
lengthPopulation: 1000 
lengthChromosome: 8 
lengthMatingPool: 600 
generations:  100 
------------------------------------ 
Selection Method: Tournament 
Reproduction Method: Mutation 
Replacement Selection Method: Weakest Replacement 

Results: 
Generation 1 (4) (U.S: 4) -> [[5, 3, 0, 4, 7, 1, 6, 2], [4, 1, 3, 6, 2, 7, 5, 0], [4, 1, 5, 0, 6, 3, 7, 2], [3, 6, 4, 2, 0, 5, 7, 1]] 
Generation 2 (4) (U.S: 4) -> [[5, 3, 0, 4, 7, 1, 6, 2], [4, 1, 3, 6, 2, 7, 5, 0], [4, 1, 5, 0, 6, 3, 7, 2], [3, 6, 4, 2, 0, 5, 7, 1]] 
Generation 3 (4) (U.S: 4) -> [[5, 3, 0, 4, 7, 1, 6, 2], [4, 1, 3, 6, 2, 7, 5, 0], [4, 1, 5, 0, 6, 3, 7, 2], [3, 6, 4, 2, 0, 5, 7, 1]] 
Generation 4 (4) (U.S: 4) -> [[5, 3, 0, 4, 7, 1, 6, 2], [4, 1, 3, 6, 2, 7, 5, 0], [4, 1, 5, 0, 6, 3, 7, 2], [3, 6, 4, 2, 0, 5, 7, 1]] 
Generation 5 (4) (U.S: 4) -> [[5, 3, 0, 4, 7, 1, 6, 2], [4, 1, 3, 6, 2, 7, 5, 0], [4, 1, 5, 0, 6, 3, 7, 2], [3, 6, 4, 2, 0, 5, 7, 1]] 
Generation 6 (4) (U.S: 4) -> [[5, 3, 0, 4, 7, 1, 6, 2], [4, 1, 3, 6, 2, 7, 5, 0], [4, 1, 5, 0, 6, 3, 7, 2], [3, 6, 4, 2, 0, 5, 7, 1]] 
Generation 7 (4) (U.S: 4) -> [[5, 3, 0, 4, 7, 1, 6, 2], [4, 1, 3, 6, 2, 7, 5, 0], [4, 1, 5, 0, 6, 3, 7, 2], [3, 6, 4, 2, 0, 5, 7, 1]] 
Generation 8 (4) (U.S: 4) -> [[5, 3, 0, 4, 7, 1, 6, 2], [4, 1, 3, 6, 2, 7, 5, 0], [4, 1, 5, 0, 6, 3, 7, 2], [3, 6, 4, 2, 0, 5, 7, 1]] 
Generation 9 (4) (U.S: 4) -> [[5, 3, 0, 4, 7, 1, 6, 2], [4, 1, 3, 6, 2, 7, 5, 0], [4, 1, 5, 0, 6, 3, 7, 2], [3, 6, 4, 2, 0, 5, 7, 1]] 
Generation 10 (4) (U.S: 4) -> [[5, 3, 0, 4, 7, 1, 6, 2], [4, 1, 3, 6, 2, 7, 5, 0], [4, 1, 5, 0, 6, 3, 7, 2], [3, 6, 4, 2, 0, 5, 7, 1]] 
Generation 11 (4) (U.S: 4) -> [[5, 3, 0, 4, 7, 1, 6, 2], [4, 1, 3, 6, 2, 7, 5, 0], [4, 1, 5, 0, 6, 3, 7, 2], [3, 6, 4, 2, 0, 5, 7, 1]] 
Generation 12 (4) (U.S: 4) -> [[5, 3, 0, 4, 7, 1, 6, 2], [4, 1, 3, 6, 2, 7, 5, 0], [4, 1, 5, 0, 6, 3, 7, 2], [3, 6, 4, 2, 0, 5, 7, 1]] 
Generation 13 (4) (U.S: 4) -> [[5, 3, 0, 4, 7, 1, 6, 2], [4, 1, 3, 6, 2, 7, 5, 0], [4, 1, 5, 0, 6, 3, 7, 2], [3, 6, 4, 2, 0, 5, 7, 1]] 
Generation 14 (4) (U.S: 4) -> [[5, 3, 0, 4, 7, 1, 6, 2], [4, 1, 3, 6, 2, 7, 5, 0], [4, 1, 5, 0, 6, 3, 7, 2], [3, 6, 4, 2, 0, 5, 7, 1]] 
Generation 15 (4) (U.S: 4) -> [[5, 3, 0, 4, 7, 1, 6, 2], [4, 1, 3, 6, 2, 7, 5, 0], [4, 1, 5, 0, 6, 3, 7, 2], [3, 6, 4, 2, 0, 5, 7, 1]] 
Generation 16 (4) (U.S: 4) -> [[5, 3, 0, 4, 7, 1, 6, 2], [4, 1, 3, 6, 2, 7, 5, 0], [4, 1, 5, 0, 6, 3, 7, 2], [3, 6, 4, 2, 0, 5, 7, 1]] 
Generation 17 (4) (U.S: 4) -> [[5, 3, 0, 4, 7, 1, 6, 2], [4, 1, 3, 6, 2, 7, 5, 0], [4, 1, 5, 0, 6, 3, 7, 2], [3, 6, 4, 2, 0, 5, 7, 1]] 
Generation 18 (4) (U.S: 4) -> [[5, 3, 0, 4, 7, 1, 6, 2], [4, 1, 3, 6, 2, 7, 5, 0], [4, 1, 5, 0, 6, 3, 7, 2], [3, 6, 4, 2, 0, 5, 7, 1]] 
Generation 19 (4) (U.S: 4) -> [[5, 3, 0, 4, 7, 1, 6, 2], [4, 1, 3, 6, 2, 7, 5, 0], [4, 1, 5, 0, 6, 3, 7, 2], [3, 6, 4, 2, 0, 5, 7, 1]] 
Generation 20 (4) (U.S: 4) -> [[5, 3, 0, 4, 7, 1, 6, 2], [4, 1, 3, 6, 2, 7, 5, 0], [4, 1, 5, 0, 6, 3, 7, 2], [3, 6, 4, 2, 0, 5, 7, 1]] 
Generation 21 (4) (U.S: 4) -> [[5, 3, 0, 4, 7, 1, 6, 2], [4, 1, 3, 6, 2, 7, 5, 0], [4, 1, 5, 0, 6, 3, 7, 2], [3, 6, 4, 2, 0, 5, 7, 1]] 
Generation 22 (4) (U.S: 4) -> [[5, 3, 0, 4, 7, 1, 6, 2], [4, 1, 3, 6, 2, 7, 5, 0], [4, 1, 5, 0, 6, 3, 7, 2], [3, 6, 4, 2, 0, 5, 7, 1]] 
Generation 23 (4) (U.S: 4) -> [[5, 3, 0, 4, 7, 1, 6, 2], [4, 1, 3, 6, 2, 7, 5, 0], [4, 1, 5, 0, 6, 3, 7, 2], [3, 6, 4, 2, 0, 5, 7, 1]] 
Generation 24 (4) (U.S: 4) -> [[5, 3, 0, 4, 7, 1, 6, 2], [4, 1, 3, 6, 2, 7, 5, 0], [4, 1, 5, 0, 6, 3, 7, 2], [3, 6, 4, 2, 0, 5, 7, 1]] 
Generation 25 (4) (U.S: 4) -> [[5, 3, 0, 4, 7, 1, 6, 2], [4, 1, 3, 6, 2, 7, 5, 0], [4, 1, 5, 0, 6, 3, 7, 2], [3, 6, 4, 2, 0, 5, 7, 1]] 
Generation 26 (4) (U.S: 4) -> [[5, 3, 0, 4, 7, 1, 6, 2], [4, 1, 3, 6, 2, 7, 5, 0], [4, 1, 5, 0, 6, 3, 7, 2], [3, 6, 4, 2, 0, 5, 7, 1]] 
Generation 27 (4) (U.S: 4) -> [[5, 3, 0, 4, 7, 1, 6, 2], [4, 1, 3, 6, 2, 7, 5, 0], [4, 1, 5, 0, 6, 3, 7, 2], [3, 6, 4, 2, 0, 5, 7, 1]] 
Generation 28 (4) (U.S: 4) -> [[5, 3, 0, 4, 7, 1, 6, 2], [4, 1, 3, 6, 2, 7, 5, 0], [4, 1, 5, 0, 6, 3, 7, 2], [3, 6, 4, 2, 0, 5, 7, 1]] 
Generation 29 (4) (U.S: 4) -> [[5, 3, 0, 4, 7, 1, 6, 2], [4, 1, 3, 6, 2, 7, 5, 0], [4, 1, 5, 0, 6, 3, 7, 2], [3, 6, 4, 2, 0, 5, 7, 1]] 
Generation 30 (4) (U.S: 4) -> [[5, 3, 0, 4, 7, 1, 6, 2], [4, 1, 3, 6, 2, 7, 5, 0], [4, 1, 5, 0, 6, 3, 7, 2], [3, 6, 4, 2, 0, 5, 7, 1]] 
Generation 31 (4) (U.S: 4) -> [[5, 3, 0, 4, 7, 1, 6, 2], [4, 1, 3, 6, 2, 7, 5, 0], [4, 1, 5, 0, 6, 3, 7, 2], [3, 6, 4, 2, 0, 5, 7, 1]] 
Generation 32 (4) (U.S: 4) -> [[5, 3, 0, 4, 7, 1, 6, 2], [4, 1, 3, 6, 2, 7, 5, 0], [4, 1, 5, 0, 6, 3, 7, 2], [3, 6, 4, 2, 0, 5, 7, 1]] 
Generation 33 (4) (U.S: 4) -> [[5, 3, 0, 4, 7, 1, 6, 2], [4, 1, 3, 6, 2, 7, 5, 0], [4, 1, 5, 0, 6, 3, 7, 2], [3, 6, 4, 2, 0, 5, 7, 1]] 
Generation 34 (4) (U.S: 4) -> [[5, 3, 0, 4, 7, 1, 6, 2], [4, 1, 3, 6, 2, 7, 5, 0], [4, 1, 5, 0, 6, 3, 7, 2], [3, 6, 4, 2, 0, 5, 7, 1]] 
Generation 35 (4) (U.S: 4) -> [[5, 3, 0, 4, 7, 1, 6, 2], [4, 1, 3, 6, 2, 7, 5, 0], [4, 1, 5, 0, 6, 3, 7, 2], [3, 6, 4, 2, 0, 5, 7, 1]] 
Generation 36 (4) (U.S: 4) -> [[5, 3, 0, 4, 7, 1, 6, 2], [4, 1, 3, 6, 2, 7, 5, 0], [4, 1, 5, 0, 6, 3, 7, 2], [3, 6, 4, 2, 0, 5, 7, 1]] 
Generation 37 (4) (U.S: 4) -> [[5, 3, 0, 4, 7, 1, 6, 2], [4, 1, 3, 6, 2, 7, 5, 0], [4, 1, 5, 0, 6, 3, 7, 2], [3, 6, 4, 2, 0, 5, 7, 1]] 
Generation 38 (4) (U.S: 4) -> [[5, 3, 0, 4, 7, 1, 6, 2], [4, 1, 3, 6, 2, 7, 5, 0], [4, 1, 5, 0, 6, 3, 7, 2], [3, 6, 4, 2, 0, 5, 7, 1]] 
Generation 39 (4) (U.S: 4) -> [[5, 3, 0, 4, 7, 1, 6, 2], [4, 1, 3, 6, 2, 7, 5, 0], [4, 1, 5, 0, 6, 3, 7, 2], [3, 6, 4, 2, 0, 5, 7, 1]] 
Generation 40 (4) (U.S: 4) -> [[5, 3, 0, 4, 7, 1, 6, 2], [4, 1, 3, 6, 2, 7, 5, 0], [4, 1, 5, 0, 6, 3, 7, 2], [3, 6, 4, 2, 0, 5, 7, 1]] 
Generation 41 (4) (U.S: 4) -> [[5, 3, 0, 4, 7, 1, 6, 2], [4, 1, 3, 6, 2, 7, 5, 0], [4, 1, 5, 0, 6, 3, 7, 2], [3, 6, 4, 2, 0, 5, 7, 1]] 
Generation 42 (4) (U.S: 4) -> [[5, 3, 0, 4, 7, 1, 6, 2], [4, 1, 3, 6, 2, 7, 5, 0], [4, 1, 5, 0, 6, 3, 7, 2], [3, 6, 4, 2, 0, 5, 7, 1]] 
Generation 43 (4) (U.S: 4) -> [[5, 3, 0, 4, 7, 1, 6, 2], [4, 1, 3, 6, 2, 7, 5, 0], [4, 1, 5, 0, 6, 3, 7, 2], [3, 6, 4, 2, 0, 5, 7, 1]] 
Generation 44 (4) (U.S: 4) -> [[5, 3, 0, 4, 7, 1, 6, 2], [4, 1, 3, 6, 2, 7, 5, 0], [4, 1, 5, 0, 6, 3, 7, 2], [3, 6, 4, 2, 0, 5, 7, 1]] 
Generation 45 (4) (U.S: 4) -> [[5, 3, 0, 4, 7, 1, 6, 2], [4, 1, 3, 6, 2, 7, 5, 0], [4, 1, 5, 0, 6, 3, 7, 2], [3, 6, 4, 2, 0, 5, 7, 1]] 
Generation 46 (4) (U.S: 4) -> [[5, 3, 0, 4, 7, 1, 6, 2], [4, 1, 3, 6, 2, 7, 5, 0], [4, 1, 5, 0, 6, 3, 7, 2], [3, 6, 4, 2, 0, 5, 7, 1]] 
Generation 47 (4) (U.S: 4) -> [[5, 3, 0, 4, 7, 1, 6, 2], [4, 1, 3, 6, 2, 7, 5, 0], [4, 1, 5, 0, 6, 3, 7, 2], [3, 6, 4, 2, 0, 5, 7, 1]] 
Generation 48 (5) (U.S: 5) -> [[4, 2, 0, 6, 1, 7, 5, 3], [5, 3, 0, 4, 7, 1, 6, 2], [4, 1, 3, 6, 2, 7, 5, 0], [4, 1, 5, 0, 6, 3, 7, 2], [3, 6, 4, 2, 0, 5, 7, 1]] 
Generation 49 (5) (U.S: 5) -> [[4, 2, 0, 6, 1, 7, 5, 3], [5, 3, 0, 4, 7, 1, 6, 2], [4, 1, 3, 6, 2, 7, 5, 0], [4, 1, 5, 0, 6, 3, 7, 2], [3, 6, 4, 2, 0, 5, 7, 1]] 
Generation 50 (5) (U.S: 5) -> [[4, 2, 0, 6, 1, 7, 5, 3], [5, 3, 0, 4, 7, 1, 6, 2], [4, 1, 3, 6, 2, 7, 5, 0], [4, 1, 5, 0, 6, 3, 7, 2], [3, 6, 4, 2, 0, 5, 7, 1]] 
Generation 51 (5) (U.S: 5) -> [[4, 2, 0, 6, 1, 7, 5, 3], [5, 3, 0, 4, 7, 1, 6, 2], [4, 1, 3, 6, 2, 7, 5, 0], [4, 1, 5, 0, 6, 3, 7, 2], [3, 6, 4, 2, 0, 5, 7, 1]] 
Generation 52 (5) (U.S: 5) -> [[4, 2, 0, 6, 1, 7, 5, 3], [5, 3, 0, 4, 7, 1, 6, 2], [4, 1, 3, 6, 2, 7, 5, 0], [4, 1, 5, 0, 6, 3, 7, 2], [3, 6, 4, 2, 0, 5, 7, 1]] 
Generation 53 (5) (U.S: 5) -> [[4, 2, 0, 6, 1, 7, 5, 3], [5, 3, 0, 4, 7, 1, 6, 2], [4, 1, 3, 6, 2, 7, 5, 0], [4, 1, 5, 0, 6, 3, 7, 2], [3, 6, 4, 2, 0, 5, 7, 1]] 
Generation 54 (5) (U.S: 5) -> [[4, 2, 0, 6, 1, 7, 5, 3], [5, 3, 0, 4, 7, 1, 6, 2], [4, 1, 3, 6, 2, 7, 5, 0], [4, 1, 5, 0, 6, 3, 7, 2], [3, 6, 4, 2, 0, 5, 7, 1]] 
Generation 55 (5) (U.S: 5) -> [[4, 2, 0, 6, 1, 7, 5, 3], [5, 3, 0, 4, 7, 1, 6, 2], [4, 1, 3, 6, 2, 7, 5, 0], [4, 1, 5, 0, 6, 3, 7, 2], [3, 6, 4, 2, 0, 5, 7, 1]] 
Generation 56 (5) (U.S: 5) -> [[4, 2, 0, 6, 1, 7, 5, 3], [5, 3, 0, 4, 7, 1, 6, 2], [4, 1, 3, 6, 2, 7, 5, 0], [4, 1, 5, 0, 6, 3, 7, 2], [3, 6, 4, 2, 0, 5, 7, 1]] 
Generation 57 (5) (U.S: 5) -> [[4, 2, 0, 6, 1, 7, 5, 3], [5, 3, 0, 4, 7, 1, 6, 2], [4, 1, 3, 6, 2, 7, 5, 0], [4, 1, 5, 0, 6, 3, 7, 2], [3, 6, 4, 2, 0, 5, 7, 1]] 
Generation 58 (5) (U.S: 5) -> [[4, 2, 0, 6, 1, 7, 5, 3], [5, 3, 0, 4, 7, 1, 6, 2], [4, 1, 3, 6, 2, 7, 5, 0], [4, 1, 5, 0, 6, 3, 7, 2], [3, 6, 4, 2, 0, 5, 7, 1]] 
Generation 59 (5) (U.S: 5) -> [[4, 2, 0, 6, 1, 7, 5, 3], [5, 3, 0, 4, 7, 1, 6, 2], [4, 1, 3, 6, 2, 7, 5, 0], [4, 1, 5, 0, 6, 3, 7, 2], [3, 6, 4, 2, 0, 5, 7, 1]] 
Generation 60 (5) (U.S: 5) -> [[4, 2, 0, 6, 1, 7, 5, 3], [5, 3, 0, 4, 7, 1, 6, 2], [4, 1, 3, 6, 2, 7, 5, 0], [4, 1, 5, 0, 6, 3, 7, 2], [3, 6, 4, 2, 0, 5, 7, 1]] 
Generation 61 (5) (U.S: 5) -> [[4, 2, 0, 6, 1, 7, 5, 3], [5, 3, 0, 4, 7, 1, 6, 2], [4, 1, 3, 6, 2, 7, 5, 0], [4, 1, 5, 0, 6, 3, 7, 2], [3, 6, 4, 2, 0, 5, 7, 1]] 
Generation 62 (5) (U.S: 5) -> [[4, 2, 0, 6, 1, 7, 5, 3], [5, 3, 0, 4, 7, 1, 6, 2], [4, 1, 3, 6, 2, 7, 5, 0], [4, 1, 5, 0, 6, 3, 7, 2], [3, 6, 4, 2, 0, 5, 7, 1]] 
Generation 63 (5) (U.S: 5) -> [[4, 2, 0, 6, 1, 7, 5, 3], [5, 3, 0, 4, 7, 1, 6, 2], [4, 1, 3, 6, 2, 7, 5, 0], [4, 1, 5, 0, 6, 3, 7, 2], [3, 6, 4, 2, 0, 5, 7, 1]] 
Generation 64 (5) (U.S: 5) -> [[4, 2, 0, 6, 1, 7, 5, 3], [5, 3, 0, 4, 7, 1, 6, 2], [4, 1, 3, 6, 2, 7, 5, 0], [4, 1, 5, 0, 6, 3, 7, 2], [3, 6, 4, 2, 0, 5, 7, 1]] 
Generation 65 (5) (U.S: 5) -> [[4, 2, 0, 6, 1, 7, 5, 3], [5, 3, 0, 4, 7, 1, 6, 2], [4, 1, 3, 6, 2, 7, 5, 0], [4, 1, 5, 0, 6, 3, 7, 2], [3, 6, 4, 2, 0, 5, 7, 1]] 
Generation 66 (5) (U.S: 5) -> [[4, 2, 0, 6, 1, 7, 5, 3], [5, 3, 0, 4, 7, 1, 6, 2], [4, 1, 3, 6, 2, 7, 5, 0], [4, 1, 5, 0, 6, 3, 7, 2], [3, 6, 4, 2, 0, 5, 7, 1]] 
Generation 67 (5) (U.S: 5) -> [[4, 2, 0, 6, 1, 7, 5, 3], [5, 3, 0, 4, 7, 1, 6, 2], [4, 1, 3, 6, 2, 7, 5, 0], [4, 1, 5, 0, 6, 3, 7, 2], [3, 6, 4, 2, 0, 5, 7, 1]] 
Generation 68 (5) (U.S: 5) -> [[4, 2, 0, 6, 1, 7, 5, 3], [5, 3, 0, 4, 7, 1, 6, 2], [4, 1, 3, 6, 2, 7, 5, 0], [4, 1, 5, 0, 6, 3, 7, 2], [3, 6, 4, 2, 0, 5, 7, 1]] 
Generation 69 (5) (U.S: 5) -> [[4, 2, 0, 6, 1, 7, 5, 3], [5, 3, 0, 4, 7, 1, 6, 2], [4, 1, 3, 6, 2, 7, 5, 0], [4, 1, 5, 0, 6, 3, 7, 2], [3, 6, 4, 2, 0, 5, 7, 1]] 
Generation 70 (5) (U.S: 5) -> [[4, 2, 0, 6, 1, 7, 5, 3], [5, 3, 0, 4, 7, 1, 6, 2], [4, 1, 3, 6, 2, 7, 5, 0], [4, 1, 5, 0, 6, 3, 7, 2], [3, 6, 4, 2, 0, 5, 7, 1]] 
Generation 71 (5) (U.S: 5) -> [[4, 2, 0, 6, 1, 7, 5, 3], [5, 3, 0, 4, 7, 1, 6, 2], [4, 1, 3, 6, 2, 7, 5, 0], [4, 1, 5, 0, 6, 3, 7, 2], [3, 6, 4, 2, 0, 5, 7, 1]] 
Generation 72 (5) (U.S: 5) -> [[4, 2, 0, 6, 1, 7, 5, 3], [5, 3, 0, 4, 7, 1, 6, 2], [4, 1, 3, 6, 2, 7, 5, 0], [4, 1, 5, 0, 6, 3, 7, 2], [3, 6, 4, 2, 0, 5, 7, 1]] 
Generation 73 (5) (U.S: 5) -> [[4, 2, 0, 6, 1, 7, 5, 3], [5, 3, 0, 4, 7, 1, 6, 2], [4, 1, 3, 6, 2, 7, 5, 0], [4, 1, 5, 0, 6, 3, 7, 2], [3, 6, 4, 2, 0, 5, 7, 1]] 
Generation 74 (5) (U.S: 5) -> [[4, 2, 0, 6, 1, 7, 5, 3], [5, 3, 0, 4, 7, 1, 6, 2], [4, 1, 3, 6, 2, 7, 5, 0], [4, 1, 5, 0, 6, 3, 7, 2], [3, 6, 4, 2, 0, 5, 7, 1]] 
Generation 75 (5) (U.S: 5) -> [[4, 2, 0, 6, 1, 7, 5, 3], [5, 3, 0, 4, 7, 1, 6, 2], [4, 1, 3, 6, 2, 7, 5, 0], [4, 1, 5, 0, 6, 3, 7, 2], [3, 6, 4, 2, 0, 5, 7, 1]] 
Generation 76 (5) (U.S: 5) -> [[4, 2, 0, 6, 1, 7, 5, 3], [5, 3, 0, 4, 7, 1, 6, 2], [4, 1, 3, 6, 2, 7, 5, 0], [4, 1, 5, 0, 6, 3, 7, 2], [3, 6, 4, 2, 0, 5, 7, 1]] 
Generation 77 (5) (U.S: 5) -> [[4, 2, 0, 6, 1, 7, 5, 3], [5, 3, 0, 4, 7, 1, 6, 2], [4, 1, 3, 6, 2, 7, 5, 0], [4, 1, 5, 0, 6, 3, 7, 2], [3, 6, 4, 2, 0, 5, 7, 1]] 
Generation 78 (5) (U.S: 5) -> [[4, 2, 0, 6, 1, 7, 5, 3], [5, 3, 0, 4, 7, 1, 6, 2], [4, 1, 3, 6, 2, 7, 5, 0], [4, 1, 5, 0, 6, 3, 7, 2], [3, 6, 4, 2, 0, 5, 7, 1]] 
Generation 79 (5) (U.S: 5) -> [[4, 2, 0, 6, 1, 7, 5, 3], [5, 3, 0, 4, 7, 1, 6, 2], [4, 1, 3, 6, 2, 7, 5, 0], [4, 1, 5, 0, 6, 3, 7, 2], [3, 6, 4, 2, 0, 5, 7, 1]] 
Generation 80 (5) (U.S: 5) -> [[4, 2, 0, 6, 1, 7, 5, 3], [5, 3, 0, 4, 7, 1, 6, 2], [4, 1, 3, 6, 2, 7, 5, 0], [4, 1, 5, 0, 6, 3, 7, 2], [3, 6, 4, 2, 0, 5, 7, 1]] 
Generation 81 (5) (U.S: 5) -> [[4, 2, 0, 6, 1, 7, 5, 3], [5, 3, 0, 4, 7, 1, 6, 2], [4, 1, 3, 6, 2, 7, 5, 0], [4, 1, 5, 0, 6, 3, 7, 2], [3, 6, 4, 2, 0, 5, 7, 1]] 
Generation 82 (5) (U.S: 5) -> [[4, 2, 0, 6, 1, 7, 5, 3], [5, 3, 0, 4, 7, 1, 6, 2], [4, 1, 3, 6, 2, 7, 5, 0], [4, 1, 5, 0, 6, 3, 7, 2], [3, 6, 4, 2, 0, 5, 7, 1]] 
Generation 83 (5) (U.S: 5) -> [[4, 2, 0, 6, 1, 7, 5, 3], [5, 3, 0, 4, 7, 1, 6, 2], [4, 1, 3, 6, 2, 7, 5, 0], [4, 1, 5, 0, 6, 3, 7, 2], [3, 6, 4, 2, 0, 5, 7, 1]] 
Generation 84 (5) (U.S: 5) -> [[4, 2, 0, 6, 1, 7, 5, 3], [5, 3, 0, 4, 7, 1, 6, 2], [4, 1, 3, 6, 2, 7, 5, 0], [4, 1, 5, 0, 6, 3, 7, 2], [3, 6, 4, 2, 0, 5, 7, 1]] 
Generation 85 (5) (U.S: 5) -> [[4, 2, 0, 6, 1, 7, 5, 3], [5, 3, 0, 4, 7, 1, 6, 2], [4, 1, 3, 6, 2, 7, 5, 0], [4, 1, 5, 0, 6, 3, 7, 2], [3, 6, 4, 2, 0, 5, 7, 1]] 
Generation 86 (5) (U.S: 5) -> [[4, 2, 0, 6, 1, 7, 5, 3], [5, 3, 0, 4, 7, 1, 6, 2], [4, 1, 3, 6, 2, 7, 5, 0], [4, 1, 5, 0, 6, 3, 7, 2], [3, 6, 4, 2, 0, 5, 7, 1]] 
Generation 87 (5) (U.S: 5) -> [[4, 2, 0, 6, 1, 7, 5, 3], [5, 3, 0, 4, 7, 1, 6, 2], [4, 1, 3, 6, 2, 7, 5, 0], [4, 1, 5, 0, 6, 3, 7, 2], [3, 6, 4, 2, 0, 5, 7, 1]] 
Generation 88 (5) (U.S: 5) -> [[4, 2, 0, 6, 1, 7, 5, 3], [5, 3, 0, 4, 7, 1, 6, 2], [4, 1, 3, 6, 2, 7, 5, 0], [4, 1, 5, 0, 6, 3, 7, 2], [3, 6, 4, 2, 0, 5, 7, 1]] 
Generation 89 (5) (U.S: 5) -> [[4, 2, 0, 6, 1, 7, 5, 3], [5, 3, 0, 4, 7, 1, 6, 2], [4, 1, 3, 6, 2, 7, 5, 0], [4, 1, 5, 0, 6, 3, 7, 2], [3, 6, 4, 2, 0, 5, 7, 1]] 
Generation 90 (5) (U.S: 5) -> [[4, 2, 0, 6, 1, 7, 5, 3], [5, 3, 0, 4, 7, 1, 6, 2], [4, 1, 3, 6, 2, 7, 5, 0], [4, 1, 5, 0, 6, 3, 7, 2], [3, 6, 4, 2, 0, 5, 7, 1]] 
Generation 91 (5) (U.S: 5) -> [[4, 2, 0, 6, 1, 7, 5, 3], [5, 3, 0, 4, 7, 1, 6, 2], [4, 1, 3, 6, 2, 7, 5, 0], [4, 1, 5, 0, 6, 3, 7, 2], [3, 6, 4, 2, 0, 5, 7, 1]] 
Generation 92 (5) (U.S: 5) -> [[4, 2, 0, 6, 1, 7, 5, 3], [5, 3, 0, 4, 7, 1, 6, 2], [4, 1, 3, 6, 2, 7, 5, 0], [4, 1, 5, 0, 6, 3, 7, 2], [3, 6, 4, 2, 0, 5, 7, 1]] 
Generation 93 (5) (U.S: 5) -> [[4, 2, 0, 6, 1, 7, 5, 3], [5, 3, 0, 4, 7, 1, 6, 2], [4, 1, 3, 6, 2, 7, 5, 0], [4, 1, 5, 0, 6, 3, 7, 2], [3, 6, 4, 2, 0, 5, 7, 1]] 
Generation 94 (5) (U.S: 5) -> [[4, 2, 0, 6, 1, 7, 5, 3], [5, 3, 0, 4, 7, 1, 6, 2], [4, 1, 3, 6, 2, 7, 5, 0], [4, 1, 5, 0, 6, 3, 7, 2], [3, 6, 4, 2, 0, 5, 7, 1]] 
Generation 95 (5) (U.S: 5) -> [[4, 2, 0, 6, 1, 7, 5, 3], [5, 3, 0, 4, 7, 1, 6, 2], [4, 1, 3, 6, 2, 7, 5, 0], [4, 1, 5, 0, 6, 3, 7, 2], [3, 6, 4, 2, 0, 5, 7, 1]] 
Generation 96 (5) (U.S: 5) -> [[4, 2, 0, 6, 1, 7, 5, 3], [5, 3, 0, 4, 7, 1, 6, 2], [4, 1, 3, 6, 2, 7, 5, 0], [4, 1, 5, 0, 6, 3, 7, 2], [3, 6, 4, 2, 0, 5, 7, 1]] 
Generation 97 (5) (U.S: 5) -> [[4, 2, 0, 6, 1, 7, 5, 3], [5, 3, 0, 4, 7, 1, 6, 2], [4, 1, 3, 6, 2, 7, 5, 0], [4, 1, 5, 0, 6, 3, 7, 2], [3, 6, 4, 2, 0, 5, 7, 1]] 
Generation 98 (5) (U.S: 5) -> [[4, 2, 0, 6, 1, 7, 5, 3], [5, 3, 0, 4, 7, 1, 6, 2], [4, 1, 3, 6, 2, 7, 5, 0], [4, 1, 5, 0, 6, 3, 7, 2], [3, 6, 4, 2, 0, 5, 7, 1]] 
Generation 99 (5) (U.S: 5) -> [[4, 2, 0, 6, 1, 7, 5, 3], [5, 3, 0, 4, 7, 1, 6, 2], [4, 1, 3, 6, 2, 7, 5, 0], [4, 1, 5, 0, 6, 3, 7, 2], [3, 6, 4, 2, 0, 5, 7, 1]] 
Generation 100 (5) (U.S: 5) -> [[4, 2, 0, 6, 1, 7, 5, 3], [5, 3, 0, 4, 7, 1, 6, 2], [4, 1, 3, 6, 2, 7, 5, 0], [4, 1, 5, 0, 6, 3, 7, 2], [3, 6, 4, 2, 0, 5, 7, 1]] 
------------------------------------ 
The 5 solutions found are: 
4
2
0
6
1
7
5
3
5
3
0
4
7
1
6
2
4
1
3
6
2
7
5
0
4
1
5
0
6
3
7
2
3
6
4
2
0
5
7
1
