Objective Function: Diversity 
lengthPopulation: 1000 
lengthChromosome: 8 
lengthMatingPool: 700 
generations:  100 
------------------------------------ 
Selection Method: Tournament 
Reproduction Method: Mutation 
Replacement Selection Method: Weakest Replacement 

Results: 
Generation 1 (3) (U.S: 3) -> [[6, 4, 2, 0, 5, 7, 1, 3], [4, 6, 1, 5, 2, 0, 3, 7], [3, 6, 0, 7, 4, 1, 5, 2]] 
Generation 2 (3) (U.S: 3) -> [[6, 4, 2, 0, 5, 7, 1, 3], [4, 6, 1, 5, 2, 0, 3, 7], [3, 6, 0, 7, 4, 1, 5, 2]] 
Generation 3 (3) (U.S: 3) -> [[6, 4, 2, 0, 5, 7, 1, 3], [4, 6, 1, 5, 2, 0, 3, 7], [3, 6, 0, 7, 4, 1, 5, 2]] 
Generation 4 (3) (U.S: 3) -> [[6, 4, 2, 0, 5, 7, 1, 3], [4, 6, 1, 5, 2, 0, 3, 7], [3, 6, 0, 7, 4, 1, 5, 2]] 
Generation 5 (3) (U.S: 3) -> [[6, 4, 2, 0, 5, 7, 1, 3], [4, 6, 1, 5, 2, 0, 3, 7], [3, 6, 0, 7, 4, 1, 5, 2]] 
Generation 6 (3) (U.S: 3) -> [[6, 4, 2, 0, 5, 7, 1, 3], [4, 6, 1, 5, 2, 0, 3, 7], [3, 6, 0, 7, 4, 1, 5, 2]] 
Generation 7 (3) (U.S: 3) -> [[6, 4, 2, 0, 5, 7, 1, 3], [4, 6, 1, 5, 2, 0, 3, 7], [3, 6, 0, 7, 4, 1, 5, 2]] 
Generation 8 (3) (U.S: 3) -> [[6, 4, 2, 0, 5, 7, 1, 3], [4, 6, 1, 5, 2, 0, 3, 7], [3, 6, 0, 7, 4, 1, 5, 2]] 
Generation 9 (3) (U.S: 3) -> [[6, 4, 2, 0, 5, 7, 1, 3], [4, 6, 1, 5, 2, 0, 3, 7], [3, 6, 0, 7, 4, 1, 5, 2]] 
Generation 10 (3) (U.S: 3) -> [[6, 4, 2, 0, 5, 7, 1, 3], [4, 6, 1, 5, 2, 0, 3, 7], [3, 6, 0, 7, 4, 1, 5, 2]] 
Generation 11 (3) (U.S: 3) -> [[6, 4, 2, 0, 5, 7, 1, 3], [4, 6, 1, 5, 2, 0, 3, 7], [3, 6, 0, 7, 4, 1, 5, 2]] 
Generation 12 (3) (U.S: 3) -> [[6, 4, 2, 0, 5, 7, 1, 3], [4, 6, 1, 5, 2, 0, 3, 7], [3, 6, 0, 7, 4, 1, 5, 2]] 
Generation 13 (3) (U.S: 3) -> [[6, 4, 2, 0, 5, 7, 1, 3], [4, 6, 1, 5, 2, 0, 3, 7], [3, 6, 0, 7, 4, 1, 5, 2]] 
Generation 14 (3) (U.S: 3) -> [[6, 4, 2, 0, 5, 7, 1, 3], [4, 6, 1, 5, 2, 0, 3, 7], [3, 6, 0, 7, 4, 1, 5, 2]] 
Generation 15 (3) (U.S: 3) -> [[6, 4, 2, 0, 5, 7, 1, 3], [4, 6, 1, 5, 2, 0, 3, 7], [3, 6, 0, 7, 4, 1, 5, 2]] 
Generation 16 (3) (U.S: 3) -> [[6, 4, 2, 0, 5, 7, 1, 3], [4, 6, 1, 5, 2, 0, 3, 7], [3, 6, 0, 7, 4, 1, 5, 2]] 
Generation 17 (3) (U.S: 3) -> [[6, 4, 2, 0, 5, 7, 1, 3], [4, 6, 1, 5, 2, 0, 3, 7], [3, 6, 0, 7, 4, 1, 5, 2]] 
Generation 18 (3) (U.S: 3) -> [[6, 4, 2, 0, 5, 7, 1, 3], [4, 6, 1, 5, 2, 0, 3, 7], [3, 6, 0, 7, 4, 1, 5, 2]] 
Generation 19 (3) (U.S: 3) -> [[6, 4, 2, 0, 5, 7, 1, 3], [4, 6, 1, 5, 2, 0, 3, 7], [3, 6, 0, 7, 4, 1, 5, 2]] 
Generation 20 (3) (U.S: 3) -> [[6, 4, 2, 0, 5, 7, 1, 3], [4, 6, 1, 5, 2, 0, 3, 7], [3, 6, 0, 7, 4, 1, 5, 2]] 
Generation 21 (3) (U.S: 3) -> [[6, 4, 2, 0, 5, 7, 1, 3], [4, 6, 1, 5, 2, 0, 3, 7], [3, 6, 0, 7, 4, 1, 5, 2]] 
Generation 22 (3) (U.S: 3) -> [[6, 4, 2, 0, 5, 7, 1, 3], [4, 6, 1, 5, 2, 0, 3, 7], [3, 6, 0, 7, 4, 1, 5, 2]] 
Generation 23 (3) (U.S: 3) -> [[6, 4, 2, 0, 5, 7, 1, 3], [4, 6, 1, 5, 2, 0, 3, 7], [3, 6, 0, 7, 4, 1, 5, 2]] 
Generation 24 (3) (U.S: 3) -> [[6, 4, 2, 0, 5, 7, 1, 3], [4, 6, 1, 5, 2, 0, 3, 7], [3, 6, 0, 7, 4, 1, 5, 2]] 
Generation 25 (3) (U.S: 3) -> [[6, 4, 2, 0, 5, 7, 1, 3], [4, 6, 1, 5, 2, 0, 3, 7], [3, 6, 0, 7, 4, 1, 5, 2]] 
Generation 26 (3) (U.S: 3) -> [[6, 4, 2, 0, 5, 7, 1, 3], [4, 6, 1, 5, 2, 0, 3, 7], [3, 6, 0, 7, 4, 1, 5, 2]] 
Generation 27 (3) (U.S: 3) -> [[6, 4, 2, 0, 5, 7, 1, 3], [4, 6, 1, 5, 2, 0, 3, 7], [3, 6, 0, 7, 4, 1, 5, 2]] 
Generation 28 (3) (U.S: 3) -> [[6, 4, 2, 0, 5, 7, 1, 3], [4, 6, 1, 5, 2, 0, 3, 7], [3, 6, 0, 7, 4, 1, 5, 2]] 
Generation 29 (3) (U.S: 3) -> [[6, 4, 2, 0, 5, 7, 1, 3], [4, 6, 1, 5, 2, 0, 3, 7], [3, 6, 0, 7, 4, 1, 5, 2]] 
Generation 30 (3) (U.S: 3) -> [[6, 4, 2, 0, 5, 7, 1, 3], [4, 6, 1, 5, 2, 0, 3, 7], [3, 6, 0, 7, 4, 1, 5, 2]] 
Generation 31 (3) (U.S: 3) -> [[6, 4, 2, 0, 5, 7, 1, 3], [4, 6, 1, 5, 2, 0, 3, 7], [3, 6, 0, 7, 4, 1, 5, 2]] 
Generation 32 (3) (U.S: 3) -> [[6, 4, 2, 0, 5, 7, 1, 3], [4, 6, 1, 5, 2, 0, 3, 7], [3, 6, 0, 7, 4, 1, 5, 2]] 
Generation 33 (3) (U.S: 3) -> [[6, 4, 2, 0, 5, 7, 1, 3], [4, 6, 1, 5, 2, 0, 3, 7], [3, 6, 0, 7, 4, 1, 5, 2]] 
Generation 34 (3) (U.S: 3) -> [[6, 4, 2, 0, 5, 7, 1, 3], [4, 6, 1, 5, 2, 0, 3, 7], [3, 6, 0, 7, 4, 1, 5, 2]] 
Generation 35 (3) (U.S: 3) -> [[6, 4, 2, 0, 5, 7, 1, 3], [4, 6, 1, 5, 2, 0, 3, 7], [3, 6, 0, 7, 4, 1, 5, 2]] 
Generation 36 (3) (U.S: 3) -> [[6, 4, 2, 0, 5, 7, 1, 3], [4, 6, 1, 5, 2, 0, 3, 7], [3, 6, 0, 7, 4, 1, 5, 2]] 
Generation 37 (3) (U.S: 3) -> [[6, 4, 2, 0, 5, 7, 1, 3], [4, 6, 1, 5, 2, 0, 3, 7], [3, 6, 0, 7, 4, 1, 5, 2]] 
Generation 38 (3) (U.S: 3) -> [[6, 4, 2, 0, 5, 7, 1, 3], [4, 6, 1, 5, 2, 0, 3, 7], [3, 6, 0, 7, 4, 1, 5, 2]] 
Generation 39 (3) (U.S: 3) -> [[6, 4, 2, 0, 5, 7, 1, 3], [4, 6, 1, 5, 2, 0, 3, 7], [3, 6, 0, 7, 4, 1, 5, 2]] 
Generation 40 (3) (U.S: 3) -> [[6, 4, 2, 0, 5, 7, 1, 3], [4, 6, 1, 5, 2, 0, 3, 7], [3, 6, 0, 7, 4, 1, 5, 2]] 
Generation 41 (3) (U.S: 3) -> [[6, 4, 2, 0, 5, 7, 1, 3], [4, 6, 1, 5, 2, 0, 3, 7], [3, 6, 0, 7, 4, 1, 5, 2]] 
Generation 42 (3) (U.S: 3) -> [[6, 4, 2, 0, 5, 7, 1, 3], [4, 6, 1, 5, 2, 0, 3, 7], [3, 6, 0, 7, 4, 1, 5, 2]] 
Generation 43 (3) (U.S: 3) -> [[6, 4, 2, 0, 5, 7, 1, 3], [4, 6, 1, 5, 2, 0, 3, 7], [3, 6, 0, 7, 4, 1, 5, 2]] 
Generation 44 (3) (U.S: 3) -> [[6, 4, 2, 0, 5, 7, 1, 3], [4, 6, 1, 5, 2, 0, 3, 7], [3, 6, 0, 7, 4, 1, 5, 2]] 
Generation 45 (3) (U.S: 3) -> [[6, 4, 2, 0, 5, 7, 1, 3], [4, 6, 1, 5, 2, 0, 3, 7], [3, 6, 0, 7, 4, 1, 5, 2]] 
Generation 46 (3) (U.S: 3) -> [[6, 4, 2, 0, 5, 7, 1, 3], [4, 6, 1, 5, 2, 0, 3, 7], [3, 6, 0, 7, 4, 1, 5, 2]] 
Generation 47 (3) (U.S: 3) -> [[6, 4, 2, 0, 5, 7, 1, 3], [4, 6, 1, 5, 2, 0, 3, 7], [3, 6, 0, 7, 4, 1, 5, 2]] 
Generation 48 (3) (U.S: 3) -> [[6, 4, 2, 0, 5, 7, 1, 3], [4, 6, 1, 5, 2, 0, 3, 7], [3, 6, 0, 7, 4, 1, 5, 2]] 
Generation 49 (3) (U.S: 3) -> [[6, 4, 2, 0, 5, 7, 1, 3], [4, 6, 1, 5, 2, 0, 3, 7], [3, 6, 0, 7, 4, 1, 5, 2]] 
Generation 50 (3) (U.S: 3) -> [[6, 4, 2, 0, 5, 7, 1, 3], [4, 6, 1, 5, 2, 0, 3, 7], [3, 6, 0, 7, 4, 1, 5, 2]] 
Generation 51 (3) (U.S: 3) -> [[6, 4, 2, 0, 5, 7, 1, 3], [4, 6, 1, 5, 2, 0, 3, 7], [3, 6, 0, 7, 4, 1, 5, 2]] 
Generation 52 (3) (U.S: 3) -> [[6, 4, 2, 0, 5, 7, 1, 3], [4, 6, 1, 5, 2, 0, 3, 7], [3, 6, 0, 7, 4, 1, 5, 2]] 
Generation 53 (3) (U.S: 3) -> [[6, 4, 2, 0, 5, 7, 1, 3], [4, 6, 1, 5, 2, 0, 3, 7], [3, 6, 0, 7, 4, 1, 5, 2]] 
Generation 54 (3) (U.S: 3) -> [[6, 4, 2, 0, 5, 7, 1, 3], [4, 6, 1, 5, 2, 0, 3, 7], [3, 6, 0, 7, 4, 1, 5, 2]] 
Generation 55 (3) (U.S: 3) -> [[6, 4, 2, 0, 5, 7, 1, 3], [4, 6, 1, 5, 2, 0, 3, 7], [3, 6, 0, 7, 4, 1, 5, 2]] 
Generation 56 (3) (U.S: 3) -> [[6, 4, 2, 0, 5, 7, 1, 3], [4, 6, 1, 5, 2, 0, 3, 7], [3, 6, 0, 7, 4, 1, 5, 2]] 
Generation 57 (3) (U.S: 3) -> [[6, 4, 2, 0, 5, 7, 1, 3], [4, 6, 1, 5, 2, 0, 3, 7], [3, 6, 0, 7, 4, 1, 5, 2]] 
Generation 58 (3) (U.S: 3) -> [[6, 4, 2, 0, 5, 7, 1, 3], [4, 6, 1, 5, 2, 0, 3, 7], [3, 6, 0, 7, 4, 1, 5, 2]] 
Generation 59 (3) (U.S: 3) -> [[6, 4, 2, 0, 5, 7, 1, 3], [4, 6, 1, 5, 2, 0, 3, 7], [3, 6, 0, 7, 4, 1, 5, 2]] 
Generation 60 (3) (U.S: 3) -> [[6, 4, 2, 0, 5, 7, 1, 3], [4, 6, 1, 5, 2, 0, 3, 7], [3, 6, 0, 7, 4, 1, 5, 2]] 
Generation 61 (3) (U.S: 3) -> [[6, 4, 2, 0, 5, 7, 1, 3], [4, 6, 1, 5, 2, 0, 3, 7], [3, 6, 0, 7, 4, 1, 5, 2]] 
Generation 62 (3) (U.S: 3) -> [[6, 4, 2, 0, 5, 7, 1, 3], [4, 6, 1, 5, 2, 0, 3, 7], [3, 6, 0, 7, 4, 1, 5, 2]] 
Generation 63 (3) (U.S: 3) -> [[6, 4, 2, 0, 5, 7, 1, 3], [4, 6, 1, 5, 2, 0, 3, 7], [3, 6, 0, 7, 4, 1, 5, 2]] 
Generation 64 (3) (U.S: 3) -> [[6, 4, 2, 0, 5, 7, 1, 3], [4, 6, 1, 5, 2, 0, 3, 7], [3, 6, 0, 7, 4, 1, 5, 2]] 
Generation 65 (3) (U.S: 3) -> [[6, 4, 2, 0, 5, 7, 1, 3], [4, 6, 1, 5, 2, 0, 3, 7], [3, 6, 0, 7, 4, 1, 5, 2]] 
Generation 66 (3) (U.S: 3) -> [[6, 4, 2, 0, 5, 7, 1, 3], [4, 6, 1, 5, 2, 0, 3, 7], [3, 6, 0, 7, 4, 1, 5, 2]] 
Generation 67 (3) (U.S: 3) -> [[6, 4, 2, 0, 5, 7, 1, 3], [4, 6, 1, 5, 2, 0, 3, 7], [3, 6, 0, 7, 4, 1, 5, 2]] 
Generation 68 (3) (U.S: 3) -> [[6, 4, 2, 0, 5, 7, 1, 3], [4, 6, 1, 5, 2, 0, 3, 7], [3, 6, 0, 7, 4, 1, 5, 2]] 
Generation 69 (3) (U.S: 3) -> [[6, 4, 2, 0, 5, 7, 1, 3], [4, 6, 1, 5, 2, 0, 3, 7], [3, 6, 0, 7, 4, 1, 5, 2]] 
Generation 70 (3) (U.S: 3) -> [[6, 4, 2, 0, 5, 7, 1, 3], [4, 6, 1, 5, 2, 0, 3, 7], [3, 6, 0, 7, 4, 1, 5, 2]] 
Generation 71 (3) (U.S: 3) -> [[6, 4, 2, 0, 5, 7, 1, 3], [4, 6, 1, 5, 2, 0, 3, 7], [3, 6, 0, 7, 4, 1, 5, 2]] 
Generation 72 (3) (U.S: 3) -> [[6, 4, 2, 0, 5, 7, 1, 3], [4, 6, 1, 5, 2, 0, 3, 7], [3, 6, 0, 7, 4, 1, 5, 2]] 
Generation 73 (3) (U.S: 3) -> [[6, 4, 2, 0, 5, 7, 1, 3], [4, 6, 1, 5, 2, 0, 3, 7], [3, 6, 0, 7, 4, 1, 5, 2]] 
Generation 74 (3) (U.S: 3) -> [[6, 4, 2, 0, 5, 7, 1, 3], [4, 6, 1, 5, 2, 0, 3, 7], [3, 6, 0, 7, 4, 1, 5, 2]] 
Generation 75 (3) (U.S: 3) -> [[6, 4, 2, 0, 5, 7, 1, 3], [4, 6, 1, 5, 2, 0, 3, 7], [3, 6, 0, 7, 4, 1, 5, 2]] 
Generation 76 (3) (U.S: 3) -> [[6, 4, 2, 0, 5, 7, 1, 3], [4, 6, 1, 5, 2, 0, 3, 7], [3, 6, 0, 7, 4, 1, 5, 2]] 
Generation 77 (3) (U.S: 3) -> [[6, 4, 2, 0, 5, 7, 1, 3], [4, 6, 1, 5, 2, 0, 3, 7], [3, 6, 0, 7, 4, 1, 5, 2]] 
Generation 78 (3) (U.S: 3) -> [[6, 4, 2, 0, 5, 7, 1, 3], [4, 6, 1, 5, 2, 0, 3, 7], [3, 6, 0, 7, 4, 1, 5, 2]] 
Generation 79 (3) (U.S: 3) -> [[6, 4, 2, 0, 5, 7, 1, 3], [4, 6, 1, 5, 2, 0, 3, 7], [3, 6, 0, 7, 4, 1, 5, 2]] 
Generation 80 (3) (U.S: 3) -> [[6, 4, 2, 0, 5, 7, 1, 3], [4, 6, 1, 5, 2, 0, 3, 7], [3, 6, 0, 7, 4, 1, 5, 2]] 
Generation 81 (3) (U.S: 3) -> [[6, 4, 2, 0, 5, 7, 1, 3], [4, 6, 1, 5, 2, 0, 3, 7], [3, 6, 0, 7, 4, 1, 5, 2]] 
Generation 82 (3) (U.S: 3) -> [[6, 4, 2, 0, 5, 7, 1, 3], [4, 6, 1, 5, 2, 0, 3, 7], [3, 6, 0, 7, 4, 1, 5, 2]] 
Generation 83 (3) (U.S: 3) -> [[6, 4, 2, 0, 5, 7, 1, 3], [4, 6, 1, 5, 2, 0, 3, 7], [3, 6, 0, 7, 4, 1, 5, 2]] 
Generation 84 (3) (U.S: 3) -> [[6, 4, 2, 0, 5, 7, 1, 3], [4, 6, 1, 5, 2, 0, 3, 7], [3, 6, 0, 7, 4, 1, 5, 2]] 
Generation 85 (3) (U.S: 3) -> [[6, 4, 2, 0, 5, 7, 1, 3], [4, 6, 1, 5, 2, 0, 3, 7], [3, 6, 0, 7, 4, 1, 5, 2]] 
Generation 86 (3) (U.S: 3) -> [[6, 4, 2, 0, 5, 7, 1, 3], [4, 6, 1, 5, 2, 0, 3, 7], [3, 6, 0, 7, 4, 1, 5, 2]] 
Generation 87 (3) (U.S: 3) -> [[6, 4, 2, 0, 5, 7, 1, 3], [4, 6, 1, 5, 2, 0, 3, 7], [3, 6, 0, 7, 4, 1, 5, 2]] 
Generation 88 (3) (U.S: 3) -> [[6, 4, 2, 0, 5, 7, 1, 3], [4, 6, 1, 5, 2, 0, 3, 7], [3, 6, 0, 7, 4, 1, 5, 2]] 
Generation 89 (3) (U.S: 3) -> [[6, 4, 2, 0, 5, 7, 1, 3], [4, 6, 1, 5, 2, 0, 3, 7], [3, 6, 0, 7, 4, 1, 5, 2]] 
Generation 90 (3) (U.S: 3) -> [[6, 4, 2, 0, 5, 7, 1, 3], [4, 6, 1, 5, 2, 0, 3, 7], [3, 6, 0, 7, 4, 1, 5, 2]] 
Generation 91 (3) (U.S: 3) -> [[6, 4, 2, 0, 5, 7, 1, 3], [4, 6, 1, 5, 2, 0, 3, 7], [3, 6, 0, 7, 4, 1, 5, 2]] 
Generation 92 (3) (U.S: 3) -> [[6, 4, 2, 0, 5, 7, 1, 3], [4, 6, 1, 5, 2, 0, 3, 7], [3, 6, 0, 7, 4, 1, 5, 2]] 
Generation 93 (3) (U.S: 3) -> [[6, 4, 2, 0, 5, 7, 1, 3], [4, 6, 1, 5, 2, 0, 3, 7], [3, 6, 0, 7, 4, 1, 5, 2]] 
Generation 94 (3) (U.S: 3) -> [[6, 4, 2, 0, 5, 7, 1, 3], [4, 6, 1, 5, 2, 0, 3, 7], [3, 6, 0, 7, 4, 1, 5, 2]] 
Generation 95 (3) (U.S: 3) -> [[6, 4, 2, 0, 5, 7, 1, 3], [4, 6, 1, 5, 2, 0, 3, 7], [3, 6, 0, 7, 4, 1, 5, 2]] 
Generation 96 (3) (U.S: 3) -> [[6, 4, 2, 0, 5, 7, 1, 3], [4, 6, 1, 5, 2, 0, 3, 7], [3, 6, 0, 7, 4, 1, 5, 2]] 
Generation 97 (3) (U.S: 3) -> [[6, 4, 2, 0, 5, 7, 1, 3], [4, 6, 1, 5, 2, 0, 3, 7], [3, 6, 0, 7, 4, 1, 5, 2]] 
Generation 98 (3) (U.S: 3) -> [[6, 4, 2, 0, 5, 7, 1, 3], [4, 6, 1, 5, 2, 0, 3, 7], [3, 6, 0, 7, 4, 1, 5, 2]] 
Generation 99 (3) (U.S: 3) -> [[6, 4, 2, 0, 5, 7, 1, 3], [4, 6, 1, 5, 2, 0, 3, 7], [3, 6, 0, 7, 4, 1, 5, 2]] 
Generation 100 (3) (U.S: 3) -> [[6, 4, 2, 0, 5, 7, 1, 3], [4, 6, 1, 5, 2, 0, 3, 7], [3, 6, 0, 7, 4, 1, 5, 2]] 
------------------------------------ 
The 3 solutions found are: 
6
4
2
0
5
7
1
3
4
6
1
5
2
0
3
7
3
6
0
7
4
1
5
2
