Objective Function: Diversity 
lengthPopulation: 300 
lengthChromosome: 8 
lengthMatingPool: 250 
generations:  100 
------------------------------------ 
Selection Method: Tournament 
Reproduction Method: Mutation 
Replacement Selection Method: Weakest Replacement 

Results: 
Generation 1 (2) (U.S: 2) -> [[5, 2, 4, 6, 0, 3, 1, 7], [3, 5, 7, 1, 6, 0, 2, 4]] 
Generation 2 (2) (U.S: 2) -> [[5, 2, 4, 6, 0, 3, 1, 7], [3, 5, 7, 1, 6, 0, 2, 4]] 
Generation 3 (2) (U.S: 2) -> [[5, 2, 4, 6, 0, 3, 1, 7], [3, 5, 7, 1, 6, 0, 2, 4]] 
Generation 4 (2) (U.S: 2) -> [[5, 2, 4, 6, 0, 3, 1, 7], [3, 5, 7, 1, 6, 0, 2, 4]] 
Generation 5 (2) (U.S: 2) -> [[5, 2, 4, 6, 0, 3, 1, 7], [3, 5, 7, 1, 6, 0, 2, 4]] 
Generation 6 (2) (U.S: 2) -> [[5, 2, 4, 6, 0, 3, 1, 7], [3, 5, 7, 1, 6, 0, 2, 4]] 
Generation 7 (2) (U.S: 2) -> [[5, 2, 4, 6, 0, 3, 1, 7], [3, 5, 7, 1, 6, 0, 2, 4]] 
Generation 8 (2) (U.S: 2) -> [[5, 2, 4, 6, 0, 3, 1, 7], [3, 5, 7, 1, 6, 0, 2, 4]] 
Generation 9 (2) (U.S: 2) -> [[5, 2, 4, 6, 0, 3, 1, 7], [3, 5, 7, 1, 6, 0, 2, 4]] 
Generation 10 (2) (U.S: 2) -> [[5, 2, 4, 6, 0, 3, 1, 7], [3, 5, 7, 1, 6, 0, 2, 4]] 
Generation 11 (2) (U.S: 2) -> [[5, 2, 4, 6, 0, 3, 1, 7], [3, 5, 7, 1, 6, 0, 2, 4]] 
Generation 12 (2) (U.S: 2) -> [[5, 2, 4, 6, 0, 3, 1, 7], [3, 5, 7, 1, 6, 0, 2, 4]] 
Generation 13 (2) (U.S: 2) -> [[5, 2, 4, 6, 0, 3, 1, 7], [3, 5, 7, 1, 6, 0, 2, 4]] 
Generation 14 (2) (U.S: 2) -> [[5, 2, 4, 6, 0, 3, 1, 7], [3, 5, 7, 1, 6, 0, 2, 4]] 
Generation 15 (2) (U.S: 2) -> [[5, 2, 4, 6, 0, 3, 1, 7], [3, 5, 7, 1, 6, 0, 2, 4]] 
Generation 16 (2) (U.S: 2) -> [[5, 2, 4, 6, 0, 3, 1, 7], [3, 5, 7, 1, 6, 0, 2, 4]] 
Generation 17 (2) (U.S: 2) -> [[5, 2, 4, 6, 0, 3, 1, 7], [3, 5, 7, 1, 6, 0, 2, 4]] 
Generation 18 (2) (U.S: 2) -> [[5, 2, 4, 6, 0, 3, 1, 7], [3, 5, 7, 1, 6, 0, 2, 4]] 
Generation 19 (2) (U.S: 2) -> [[5, 2, 4, 6, 0, 3, 1, 7], [3, 5, 7, 1, 6, 0, 2, 4]] 
Generation 20 (2) (U.S: 2) -> [[5, 2, 4, 6, 0, 3, 1, 7], [3, 5, 7, 1, 6, 0, 2, 4]] 
Generation 21 (2) (U.S: 2) -> [[5, 2, 4, 6, 0, 3, 1, 7], [3, 5, 7, 1, 6, 0, 2, 4]] 
Generation 22 (2) (U.S: 2) -> [[5, 2, 4, 6, 0, 3, 1, 7], [3, 5, 7, 1, 6, 0, 2, 4]] 
Generation 23 (2) (U.S: 2) -> [[5, 2, 4, 6, 0, 3, 1, 7], [3, 5, 7, 1, 6, 0, 2, 4]] 
Generation 24 (2) (U.S: 2) -> [[5, 2, 4, 6, 0, 3, 1, 7], [3, 5, 7, 1, 6, 0, 2, 4]] 
Generation 25 (2) (U.S: 2) -> [[5, 2, 4, 6, 0, 3, 1, 7], [3, 5, 7, 1, 6, 0, 2, 4]] 
Generation 26 (2) (U.S: 2) -> [[5, 2, 4, 6, 0, 3, 1, 7], [3, 5, 7, 1, 6, 0, 2, 4]] 
Generation 27 (2) (U.S: 2) -> [[5, 2, 4, 6, 0, 3, 1, 7], [3, 5, 7, 1, 6, 0, 2, 4]] 
Generation 28 (2) (U.S: 2) -> [[5, 2, 4, 6, 0, 3, 1, 7], [3, 5, 7, 1, 6, 0, 2, 4]] 
Generation 29 (2) (U.S: 2) -> [[5, 2, 4, 6, 0, 3, 1, 7], [3, 5, 7, 1, 6, 0, 2, 4]] 
Generation 30 (2) (U.S: 2) -> [[5, 2, 4, 6, 0, 3, 1, 7], [3, 5, 7, 1, 6, 0, 2, 4]] 
Generation 31 (2) (U.S: 2) -> [[5, 2, 4, 6, 0, 3, 1, 7], [3, 5, 7, 1, 6, 0, 2, 4]] 
Generation 32 (2) (U.S: 2) -> [[5, 2, 4, 6, 0, 3, 1, 7], [3, 5, 7, 1, 6, 0, 2, 4]] 
Generation 33 (2) (U.S: 2) -> [[5, 2, 4, 6, 0, 3, 1, 7], [3, 5, 7, 1, 6, 0, 2, 4]] 
Generation 34 (2) (U.S: 2) -> [[5, 2, 4, 6, 0, 3, 1, 7], [3, 5, 7, 1, 6, 0, 2, 4]] 
Generation 35 (2) (U.S: 2) -> [[5, 2, 4, 6, 0, 3, 1, 7], [3, 5, 7, 1, 6, 0, 2, 4]] 
Generation 36 (2) (U.S: 2) -> [[5, 2, 4, 6, 0, 3, 1, 7], [3, 5, 7, 1, 6, 0, 2, 4]] 
Generation 37 (2) (U.S: 2) -> [[5, 2, 4, 6, 0, 3, 1, 7], [3, 5, 7, 1, 6, 0, 2, 4]] 
Generation 38 (2) (U.S: 2) -> [[5, 2, 4, 6, 0, 3, 1, 7], [3, 5, 7, 1, 6, 0, 2, 4]] 
Generation 39 (2) (U.S: 2) -> [[5, 2, 4, 6, 0, 3, 1, 7], [3, 5, 7, 1, 6, 0, 2, 4]] 
Generation 40 (2) (U.S: 2) -> [[5, 2, 4, 6, 0, 3, 1, 7], [3, 5, 7, 1, 6, 0, 2, 4]] 
Generation 41 (2) (U.S: 2) -> [[5, 2, 4, 6, 0, 3, 1, 7], [3, 5, 7, 1, 6, 0, 2, 4]] 
Generation 42 (2) (U.S: 2) -> [[5, 2, 4, 6, 0, 3, 1, 7], [3, 5, 7, 1, 6, 0, 2, 4]] 
Generation 43 (2) (U.S: 2) -> [[5, 2, 4, 6, 0, 3, 1, 7], [3, 5, 7, 1, 6, 0, 2, 4]] 
Generation 44 (2) (U.S: 2) -> [[5, 2, 4, 6, 0, 3, 1, 7], [3, 5, 7, 1, 6, 0, 2, 4]] 
Generation 45 (2) (U.S: 2) -> [[5, 2, 4, 6, 0, 3, 1, 7], [3, 5, 7, 1, 6, 0, 2, 4]] 
Generation 46 (2) (U.S: 2) -> [[5, 2, 4, 6, 0, 3, 1, 7], [3, 5, 7, 1, 6, 0, 2, 4]] 
Generation 47 (2) (U.S: 2) -> [[5, 2, 4, 6, 0, 3, 1, 7], [3, 5, 7, 1, 6, 0, 2, 4]] 
Generation 48 (2) (U.S: 2) -> [[5, 2, 4, 6, 0, 3, 1, 7], [3, 5, 7, 1, 6, 0, 2, 4]] 
Generation 49 (2) (U.S: 2) -> [[5, 2, 4, 6, 0, 3, 1, 7], [3, 5, 7, 1, 6, 0, 2, 4]] 
Generation 50 (2) (U.S: 2) -> [[5, 2, 4, 6, 0, 3, 1, 7], [3, 5, 7, 1, 6, 0, 2, 4]] 
Generation 51 (2) (U.S: 2) -> [[5, 2, 4, 6, 0, 3, 1, 7], [3, 5, 7, 1, 6, 0, 2, 4]] 
Generation 52 (2) (U.S: 2) -> [[5, 2, 4, 6, 0, 3, 1, 7], [3, 5, 7, 1, 6, 0, 2, 4]] 
Generation 53 (2) (U.S: 2) -> [[5, 2, 4, 6, 0, 3, 1, 7], [3, 5, 7, 1, 6, 0, 2, 4]] 
Generation 54 (2) (U.S: 2) -> [[5, 2, 4, 6, 0, 3, 1, 7], [3, 5, 7, 1, 6, 0, 2, 4]] 
Generation 55 (2) (U.S: 2) -> [[5, 2, 4, 6, 0, 3, 1, 7], [3, 5, 7, 1, 6, 0, 2, 4]] 
Generation 56 (2) (U.S: 2) -> [[5, 2, 4, 6, 0, 3, 1, 7], [3, 5, 7, 1, 6, 0, 2, 4]] 
Generation 57 (2) (U.S: 2) -> [[5, 2, 4, 6, 0, 3, 1, 7], [3, 5, 7, 1, 6, 0, 2, 4]] 
Generation 58 (2) (U.S: 2) -> [[5, 2, 4, 6, 0, 3, 1, 7], [3, 5, 7, 1, 6, 0, 2, 4]] 
Generation 59 (2) (U.S: 2) -> [[5, 2, 4, 6, 0, 3, 1, 7], [3, 5, 7, 1, 6, 0, 2, 4]] 
Generation 60 (2) (U.S: 2) -> [[5, 2, 4, 6, 0, 3, 1, 7], [3, 5, 7, 1, 6, 0, 2, 4]] 
Generation 61 (2) (U.S: 2) -> [[5, 2, 4, 6, 0, 3, 1, 7], [3, 5, 7, 1, 6, 0, 2, 4]] 
Generation 62 (2) (U.S: 2) -> [[5, 2, 4, 6, 0, 3, 1, 7], [3, 5, 7, 1, 6, 0, 2, 4]] 
Generation 63 (2) (U.S: 2) -> [[5, 2, 4, 6, 0, 3, 1, 7], [3, 5, 7, 1, 6, 0, 2, 4]] 
Generation 64 (2) (U.S: 2) -> [[5, 2, 4, 6, 0, 3, 1, 7], [3, 5, 7, 1, 6, 0, 2, 4]] 
Generation 65 (2) (U.S: 2) -> [[5, 2, 4, 6, 0, 3, 1, 7], [3, 5, 7, 1, 6, 0, 2, 4]] 
Generation 66 (2) (U.S: 2) -> [[5, 2, 4, 6, 0, 3, 1, 7], [3, 5, 7, 1, 6, 0, 2, 4]] 
Generation 67 (2) (U.S: 2) -> [[5, 2, 4, 6, 0, 3, 1, 7], [3, 5, 7, 1, 6, 0, 2, 4]] 
Generation 68 (2) (U.S: 2) -> [[5, 2, 4, 6, 0, 3, 1, 7], [3, 5, 7, 1, 6, 0, 2, 4]] 
Generation 69 (2) (U.S: 2) -> [[5, 2, 4, 6, 0, 3, 1, 7], [3, 5, 7, 1, 6, 0, 2, 4]] 
Generation 70 (2) (U.S: 2) -> [[5, 2, 4, 6, 0, 3, 1, 7], [3, 5, 7, 1, 6, 0, 2, 4]] 
Generation 71 (2) (U.S: 2) -> [[5, 2, 4, 6, 0, 3, 1, 7], [3, 5, 7, 1, 6, 0, 2, 4]] 
Generation 72 (2) (U.S: 2) -> [[5, 2, 4, 6, 0, 3, 1, 7], [3, 5, 7, 1, 6, 0, 2, 4]] 
Generation 73 (2) (U.S: 2) -> [[5, 2, 4, 6, 0, 3, 1, 7], [3, 5, 7, 1, 6, 0, 2, 4]] 
Generation 74 (2) (U.S: 2) -> [[5, 2, 4, 6, 0, 3, 1, 7], [3, 5, 7, 1, 6, 0, 2, 4]] 
Generation 75 (2) (U.S: 2) -> [[5, 2, 4, 6, 0, 3, 1, 7], [3, 5, 7, 1, 6, 0, 2, 4]] 
Generation 76 (2) (U.S: 2) -> [[5, 2, 4, 6, 0, 3, 1, 7], [3, 5, 7, 1, 6, 0, 2, 4]] 
Generation 77 (2) (U.S: 2) -> [[5, 2, 4, 6, 0, 3, 1, 7], [3, 5, 7, 1, 6, 0, 2, 4]] 
Generation 78 (2) (U.S: 2) -> [[5, 2, 4, 6, 0, 3, 1, 7], [3, 5, 7, 1, 6, 0, 2, 4]] 
Generation 79 (2) (U.S: 2) -> [[5, 2, 4, 6, 0, 3, 1, 7], [3, 5, 7, 1, 6, 0, 2, 4]] 
Generation 80 (2) (U.S: 2) -> [[5, 2, 4, 6, 0, 3, 1, 7], [3, 5, 7, 1, 6, 0, 2, 4]] 
Generation 81 (2) (U.S: 2) -> [[5, 2, 4, 6, 0, 3, 1, 7], [3, 5, 7, 1, 6, 0, 2, 4]] 
Generation 82 (2) (U.S: 2) -> [[5, 2, 4, 6, 0, 3, 1, 7], [3, 5, 7, 1, 6, 0, 2, 4]] 
Generation 83 (2) (U.S: 2) -> [[5, 2, 4, 6, 0, 3, 1, 7], [3, 5, 7, 1, 6, 0, 2, 4]] 
Generation 84 (2) (U.S: 2) -> [[5, 2, 4, 6, 0, 3, 1, 7], [3, 5, 7, 1, 6, 0, 2, 4]] 
Generation 85 (2) (U.S: 2) -> [[5, 2, 4, 6, 0, 3, 1, 7], [3, 5, 7, 1, 6, 0, 2, 4]] 
Generation 86 (2) (U.S: 2) -> [[5, 2, 4, 6, 0, 3, 1, 7], [3, 5, 7, 1, 6, 0, 2, 4]] 
Generation 87 (2) (U.S: 2) -> [[5, 2, 4, 6, 0, 3, 1, 7], [3, 5, 7, 1, 6, 0, 2, 4]] 
Generation 88 (2) (U.S: 2) -> [[5, 2, 4, 6, 0, 3, 1, 7], [3, 5, 7, 1, 6, 0, 2, 4]] 
Generation 89 (2) (U.S: 2) -> [[5, 2, 4, 6, 0, 3, 1, 7], [3, 5, 7, 1, 6, 0, 2, 4]] 
Generation 90 (2) (U.S: 2) -> [[5, 2, 4, 6, 0, 3, 1, 7], [3, 5, 7, 1, 6, 0, 2, 4]] 
Generation 91 (2) (U.S: 2) -> [[5, 2, 4, 6, 0, 3, 1, 7], [3, 5, 7, 1, 6, 0, 2, 4]] 
Generation 92 (2) (U.S: 2) -> [[5, 2, 4, 6, 0, 3, 1, 7], [3, 5, 7, 1, 6, 0, 2, 4]] 
Generation 93 (2) (U.S: 2) -> [[5, 2, 4, 6, 0, 3, 1, 7], [3, 5, 7, 1, 6, 0, 2, 4]] 
Generation 94 (2) (U.S: 2) -> [[5, 2, 4, 6, 0, 3, 1, 7], [3, 5, 7, 1, 6, 0, 2, 4]] 
Generation 95 (2) (U.S: 2) -> [[5, 2, 4, 6, 0, 3, 1, 7], [3, 5, 7, 1, 6, 0, 2, 4]] 
Generation 96 (2) (U.S: 2) -> [[5, 2, 4, 6, 0, 3, 1, 7], [3, 5, 7, 1, 6, 0, 2, 4]] 
Generation 97 (2) (U.S: 2) -> [[5, 2, 4, 6, 0, 3, 1, 7], [3, 5, 7, 1, 6, 0, 2, 4]] 
Generation 98 (2) (U.S: 2) -> [[5, 2, 4, 6, 0, 3, 1, 7], [3, 5, 7, 1, 6, 0, 2, 4]] 
Generation 99 (2) (U.S: 2) -> [[5, 2, 4, 6, 0, 3, 1, 7], [3, 5, 7, 1, 6, 0, 2, 4]] 
Generation 100 (2) (U.S: 2) -> [[5, 2, 4, 6, 0, 3, 1, 7], [3, 5, 7, 1, 6, 0, 2, 4]] 
------------------------------------ 
The 2 solutions found are: 
5
2
4
6
0
3
1
7
3
5
7
1
6
0
2
4
