Objective Function: Diversity 
lengthPopulation: 100 
lengthChromosome: 8 
lengthMatingPool: 80 
generations:  100 
------------------------------------ 
Selection Method: Tournament 
Reproduction Method: Mutation 
Replacement Selection Method: Weakest Replacement 

Results: 
Generation 1 (1) (U.S: 1) -> [[2, 6, 1, 7, 4, 0, 3, 5]] 
Generation 2 (1) (U.S: 1) -> [[2, 6, 1, 7, 4, 0, 3, 5]] 
Generation 3 (1) (U.S: 1) -> [[2, 6, 1, 7, 4, 0, 3, 5]] 
Generation 4 (1) (U.S: 1) -> [[2, 6, 1, 7, 4, 0, 3, 5]] 
Generation 5 (1) (U.S: 1) -> [[2, 6, 1, 7, 4, 0, 3, 5]] 
Generation 6 (1) (U.S: 1) -> [[2, 6, 1, 7, 4, 0, 3, 5]] 
Generation 7 (1) (U.S: 1) -> [[2, 6, 1, 7, 4, 0, 3, 5]] 
Generation 8 (1) (U.S: 1) -> [[2, 6, 1, 7, 4, 0, 3, 5]] 
Generation 9 (1) (U.S: 1) -> [[2, 6, 1, 7, 4, 0, 3, 5]] 
Generation 10 (1) (U.S: 1) -> [[2, 6, 1, 7, 4, 0, 3, 5]] 
Generation 11 (1) (U.S: 1) -> [[2, 6, 1, 7, 4, 0, 3, 5]] 
Generation 12 (1) (U.S: 1) -> [[2, 6, 1, 7, 4, 0, 3, 5]] 
Generation 13 (1) (U.S: 1) -> [[2, 6, 1, 7, 4, 0, 3, 5]] 
Generation 14 (1) (U.S: 1) -> [[2, 6, 1, 7, 4, 0, 3, 5]] 
Generation 15 (1) (U.S: 1) -> [[2, 6, 1, 7, 4, 0, 3, 5]] 
Generation 16 (1) (U.S: 1) -> [[2, 6, 1, 7, 4, 0, 3, 5]] 
Generation 17 (1) (U.S: 1) -> [[2, 6, 1, 7, 4, 0, 3, 5]] 
Generation 18 (1) (U.S: 1) -> [[2, 6, 1, 7, 4, 0, 3, 5]] 
Generation 19 (1) (U.S: 1) -> [[2, 6, 1, 7, 4, 0, 3, 5]] 
Generation 20 (1) (U.S: 1) -> [[2, 6, 1, 7, 4, 0, 3, 5]] 
Generation 21 (1) (U.S: 1) -> [[2, 6, 1, 7, 4, 0, 3, 5]] 
Generation 22 (1) (U.S: 1) -> [[2, 6, 1, 7, 4, 0, 3, 5]] 
Generation 23 (1) (U.S: 1) -> [[2, 6, 1, 7, 4, 0, 3, 5]] 
Generation 24 (2) (U.S: 2) -> [[1, 3, 5, 7, 2, 0, 6, 4], [2, 6, 1, 7, 4, 0, 3, 5]] 
Generation 25 (2) (U.S: 2) -> [[1, 3, 5, 7, 2, 0, 6, 4], [2, 6, 1, 7, 4, 0, 3, 5]] 
Generation 26 (2) (U.S: 2) -> [[1, 3, 5, 7, 2, 0, 6, 4], [2, 6, 1, 7, 4, 0, 3, 5]] 
Generation 27 (2) (U.S: 2) -> [[1, 3, 5, 7, 2, 0, 6, 4], [2, 6, 1, 7, 4, 0, 3, 5]] 
Generation 28 (2) (U.S: 2) -> [[1, 3, 5, 7, 2, 0, 6, 4], [2, 6, 1, 7, 4, 0, 3, 5]] 
Generation 29 (2) (U.S: 2) -> [[1, 3, 5, 7, 2, 0, 6, 4], [2, 6, 1, 7, 4, 0, 3, 5]] 
Generation 30 (2) (U.S: 2) -> [[1, 3, 5, 7, 2, 0, 6, 4], [2, 6, 1, 7, 4, 0, 3, 5]] 
Generation 31 (2) (U.S: 2) -> [[1, 3, 5, 7, 2, 0, 6, 4], [2, 6, 1, 7, 4, 0, 3, 5]] 
Generation 32 (2) (U.S: 2) -> [[1, 3, 5, 7, 2, 0, 6, 4], [2, 6, 1, 7, 4, 0, 3, 5]] 
Generation 33 (2) (U.S: 2) -> [[1, 3, 5, 7, 2, 0, 6, 4], [2, 6, 1, 7, 4, 0, 3, 5]] 
Generation 34 (2) (U.S: 2) -> [[1, 3, 5, 7, 2, 0, 6, 4], [2, 6, 1, 7, 4, 0, 3, 5]] 
Generation 35 (2) (U.S: 2) -> [[1, 3, 5, 7, 2, 0, 6, 4], [2, 6, 1, 7, 4, 0, 3, 5]] 
Generation 36 (2) (U.S: 2) -> [[1, 3, 5, 7, 2, 0, 6, 4], [2, 6, 1, 7, 4, 0, 3, 5]] 
Generation 37 (2) (U.S: 2) -> [[1, 3, 5, 7, 2, 0, 6, 4], [2, 6, 1, 7, 4, 0, 3, 5]] 
Generation 38 (2) (U.S: 2) -> [[1, 3, 5, 7, 2, 0, 6, 4], [2, 6, 1, 7, 4, 0, 3, 5]] 
Generation 39 (2) (U.S: 2) -> [[1, 3, 5, 7, 2, 0, 6, 4], [2, 6, 1, 7, 4, 0, 3, 5]] 
Generation 40 (2) (U.S: 2) -> [[1, 3, 5, 7, 2, 0, 6, 4], [2, 6, 1, 7, 4, 0, 3, 5]] 
Generation 41 (2) (U.S: 2) -> [[1, 3, 5, 7, 2, 0, 6, 4], [2, 6, 1, 7, 4, 0, 3, 5]] 
Generation 42 (2) (U.S: 2) -> [[1, 3, 5, 7, 2, 0, 6, 4], [2, 6, 1, 7, 4, 0, 3, 5]] 
Generation 43 (2) (U.S: 2) -> [[1, 3, 5, 7, 2, 0, 6, 4], [2, 6, 1, 7, 4, 0, 3, 5]] 
Generation 44 (2) (U.S: 2) -> [[1, 3, 5, 7, 2, 0, 6, 4], [2, 6, 1, 7, 4, 0, 3, 5]] 
Generation 45 (2) (U.S: 2) -> [[1, 3, 5, 7, 2, 0, 6, 4], [2, 6, 1, 7, 4, 0, 3, 5]] 
Generation 46 (2) (U.S: 2) -> [[1, 3, 5, 7, 2, 0, 6, 4], [2, 6, 1, 7, 4, 0, 3, 5]] 
Generation 47 (2) (U.S: 2) -> [[1, 3, 5, 7, 2, 0, 6, 4], [2, 6, 1, 7, 4, 0, 3, 5]] 
Generation 48 (2) (U.S: 2) -> [[1, 3, 5, 7, 2, 0, 6, 4], [2, 6, 1, 7, 4, 0, 3, 5]] 
Generation 49 (2) (U.S: 2) -> [[1, 3, 5, 7, 2, 0, 6, 4], [2, 6, 1, 7, 4, 0, 3, 5]] 
Generation 50 (2) (U.S: 2) -> [[1, 3, 5, 7, 2, 0, 6, 4], [2, 6, 1, 7, 4, 0, 3, 5]] 
Generation 51 (2) (U.S: 2) -> [[1, 3, 5, 7, 2, 0, 6, 4], [2, 6, 1, 7, 4, 0, 3, 5]] 
Generation 52 (2) (U.S: 2) -> [[1, 3, 5, 7, 2, 0, 6, 4], [2, 6, 1, 7, 4, 0, 3, 5]] 
Generation 53 (2) (U.S: 2) -> [[1, 3, 5, 7, 2, 0, 6, 4], [2, 6, 1, 7, 4, 0, 3, 5]] 
Generation 54 (2) (U.S: 2) -> [[1, 3, 5, 7, 2, 0, 6, 4], [2, 6, 1, 7, 4, 0, 3, 5]] 
Generation 55 (2) (U.S: 2) -> [[1, 3, 5, 7, 2, 0, 6, 4], [2, 6, 1, 7, 4, 0, 3, 5]] 
Generation 56 (2) (U.S: 2) -> [[1, 3, 5, 7, 2, 0, 6, 4], [2, 6, 1, 7, 4, 0, 3, 5]] 
Generation 57 (2) (U.S: 2) -> [[1, 3, 5, 7, 2, 0, 6, 4], [2, 6, 1, 7, 4, 0, 3, 5]] 
Generation 58 (2) (U.S: 2) -> [[1, 3, 5, 7, 2, 0, 6, 4], [2, 6, 1, 7, 4, 0, 3, 5]] 
Generation 59 (2) (U.S: 2) -> [[1, 3, 5, 7, 2, 0, 6, 4], [2, 6, 1, 7, 4, 0, 3, 5]] 
Generation 60 (2) (U.S: 2) -> [[1, 3, 5, 7, 2, 0, 6, 4], [2, 6, 1, 7, 4, 0, 3, 5]] 
Generation 61 (2) (U.S: 2) -> [[1, 3, 5, 7, 2, 0, 6, 4], [2, 6, 1, 7, 4, 0, 3, 5]] 
Generation 62 (2) (U.S: 2) -> [[1, 3, 5, 7, 2, 0, 6, 4], [2, 6, 1, 7, 4, 0, 3, 5]] 
Generation 63 (2) (U.S: 2) -> [[1, 3, 5, 7, 2, 0, 6, 4], [2, 6, 1, 7, 4, 0, 3, 5]] 
Generation 64 (2) (U.S: 2) -> [[1, 3, 5, 7, 2, 0, 6, 4], [2, 6, 1, 7, 4, 0, 3, 5]] 
Generation 65 (2) (U.S: 2) -> [[1, 3, 5, 7, 2, 0, 6, 4], [2, 6, 1, 7, 4, 0, 3, 5]] 
Generation 66 (2) (U.S: 2) -> [[1, 3, 5, 7, 2, 0, 6, 4], [2, 6, 1, 7, 4, 0, 3, 5]] 
Generation 67 (2) (U.S: 2) -> [[1, 3, 5, 7, 2, 0, 6, 4], [2, 6, 1, 7, 4, 0, 3, 5]] 
Generation 68 (2) (U.S: 2) -> [[1, 3, 5, 7, 2, 0, 6, 4], [2, 6, 1, 7, 4, 0, 3, 5]] 
Generation 69 (2) (U.S: 2) -> [[1, 3, 5, 7, 2, 0, 6, 4], [2, 6, 1, 7, 4, 0, 3, 5]] 
Generation 70 (2) (U.S: 2) -> [[1, 3, 5, 7, 2, 0, 6, 4], [2, 6, 1, 7, 4, 0, 3, 5]] 
Generation 71 (2) (U.S: 2) -> [[1, 3, 5, 7, 2, 0, 6, 4], [2, 6, 1, 7, 4, 0, 3, 5]] 
Generation 72 (2) (U.S: 2) -> [[1, 3, 5, 7, 2, 0, 6, 4], [2, 6, 1, 7, 4, 0, 3, 5]] 
Generation 73 (2) (U.S: 2) -> [[1, 3, 5, 7, 2, 0, 6, 4], [2, 6, 1, 7, 4, 0, 3, 5]] 
Generation 74 (2) (U.S: 2) -> [[1, 3, 5, 7, 2, 0, 6, 4], [2, 6, 1, 7, 4, 0, 3, 5]] 
Generation 75 (2) (U.S: 2) -> [[1, 3, 5, 7, 2, 0, 6, 4], [2, 6, 1, 7, 4, 0, 3, 5]] 
Generation 76 (2) (U.S: 2) -> [[1, 3, 5, 7, 2, 0, 6, 4], [2, 6, 1, 7, 4, 0, 3, 5]] 
Generation 77 (2) (U.S: 2) -> [[1, 3, 5, 7, 2, 0, 6, 4], [2, 6, 1, 7, 4, 0, 3, 5]] 
Generation 78 (2) (U.S: 2) -> [[1, 3, 5, 7, 2, 0, 6, 4], [2, 6, 1, 7, 4, 0, 3, 5]] 
Generation 79 (2) (U.S: 2) -> [[1, 3, 5, 7, 2, 0, 6, 4], [2, 6, 1, 7, 4, 0, 3, 5]] 
Generation 80 (2) (U.S: 2) -> [[1, 3, 5, 7, 2, 0, 6, 4], [2, 6, 1, 7, 4, 0, 3, 5]] 
Generation 81 (2) (U.S: 2) -> [[1, 3, 5, 7, 2, 0, 6, 4], [2, 6, 1, 7, 4, 0, 3, 5]] 
Generation 82 (2) (U.S: 2) -> [[1, 3, 5, 7, 2, 0, 6, 4], [2, 6, 1, 7, 4, 0, 3, 5]] 
Generation 83 (2) (U.S: 2) -> [[1, 3, 5, 7, 2, 0, 6, 4], [2, 6, 1, 7, 4, 0, 3, 5]] 
Generation 84 (2) (U.S: 2) -> [[1, 3, 5, 7, 2, 0, 6, 4], [2, 6, 1, 7, 4, 0, 3, 5]] 
Generation 85 (2) (U.S: 2) -> [[1, 3, 5, 7, 2, 0, 6, 4], [2, 6, 1, 7, 4, 0, 3, 5]] 
Generation 86 (2) (U.S: 2) -> [[1, 3, 5, 7, 2, 0, 6, 4], [2, 6, 1, 7, 4, 0, 3, 5]] 
Generation 87 (2) (U.S: 2) -> [[1, 3, 5, 7, 2, 0, 6, 4], [2, 6, 1, 7, 4, 0, 3, 5]] 
Generation 88 (2) (U.S: 2) -> [[1, 3, 5, 7, 2, 0, 6, 4], [2, 6, 1, 7, 4, 0, 3, 5]] 
Generation 89 (2) (U.S: 2) -> [[1, 3, 5, 7, 2, 0, 6, 4], [2, 6, 1, 7, 4, 0, 3, 5]] 
Generation 90 (2) (U.S: 2) -> [[1, 3, 5, 7, 2, 0, 6, 4], [2, 6, 1, 7, 4, 0, 3, 5]] 
Generation 91 (2) (U.S: 2) -> [[1, 3, 5, 7, 2, 0, 6, 4], [2, 6, 1, 7, 4, 0, 3, 5]] 
Generation 92 (2) (U.S: 2) -> [[1, 3, 5, 7, 2, 0, 6, 4], [2, 6, 1, 7, 4, 0, 3, 5]] 
Generation 93 (2) (U.S: 2) -> [[1, 3, 5, 7, 2, 0, 6, 4], [2, 6, 1, 7, 4, 0, 3, 5]] 
Generation 94 (2) (U.S: 2) -> [[1, 3, 5, 7, 2, 0, 6, 4], [2, 6, 1, 7, 4, 0, 3, 5]] 
Generation 95 (2) (U.S: 2) -> [[1, 3, 5, 7, 2, 0, 6, 4], [2, 6, 1, 7, 4, 0, 3, 5]] 
Generation 96 (2) (U.S: 2) -> [[1, 3, 5, 7, 2, 0, 6, 4], [2, 6, 1, 7, 4, 0, 3, 5]] 
Generation 97 (2) (U.S: 2) -> [[1, 3, 5, 7, 2, 0, 6, 4], [2, 6, 1, 7, 4, 0, 3, 5]] 
Generation 98 (2) (U.S: 2) -> [[1, 3, 5, 7, 2, 0, 6, 4], [2, 6, 1, 7, 4, 0, 3, 5]] 
Generation 99 (2) (U.S: 2) -> [[1, 3, 5, 7, 2, 0, 6, 4], [2, 6, 1, 7, 4, 0, 3, 5]] 
Generation 100 (2) (U.S: 2) -> [[1, 3, 5, 7, 2, 0, 6, 4], [2, 6, 1, 7, 4, 0, 3, 5]] 
------------------------------------ 
The 2 solutions found are: 
1
3
5
7
2
0
6
4
2
6
1
7
4
0
3
5
