Objective Function: Diversity 
lengthPopulation: 100 
lengthChromosome: 7 
lengthMatingPool: 80 
generations:  100 
------------------------------------ 
Selection Method: Tournament 
Reproduction Method: Mutation 
Replacement Selection Method: Weakest Replacement 

Results: 
Generation 1 (4) (U.S: 4) -> [[3, 6, 4, 1, 5, 0, 2], [5, 3, 1, 6, 4, 2, 0], [0, 4, 1, 5, 2, 6, 3], [6, 1, 3, 5, 0, 2, 4]] 
Generation 2 (4) (U.S: 4) -> [[3, 6, 4, 1, 5, 0, 2], [5, 3, 1, 6, 4, 2, 0], [0, 4, 1, 5, 2, 6, 3], [6, 1, 3, 5, 0, 2, 4]] 
Generation 3 (4) (U.S: 4) -> [[3, 6, 4, 1, 5, 0, 2], [5, 3, 1, 6, 4, 2, 0], [0, 4, 1, 5, 2, 6, 3], [6, 1, 3, 5, 0, 2, 4]] 
Generation 4 (4) (U.S: 4) -> [[3, 6, 4, 1, 5, 0, 2], [5, 3, 1, 6, 4, 2, 0], [0, 4, 1, 5, 2, 6, 3], [6, 1, 3, 5, 0, 2, 4]] 
Generation 5 (4) (U.S: 4) -> [[3, 6, 4, 1, 5, 0, 2], [5, 3, 1, 6, 4, 2, 0], [0, 4, 1, 5, 2, 6, 3], [6, 1, 3, 5, 0, 2, 4]] 
Generation 6 (4) (U.S: 4) -> [[3, 6, 4, 1, 5, 0, 2], [5, 3, 1, 6, 4, 2, 0], [0, 4, 1, 5, 2, 6, 3], [6, 1, 3, 5, 0, 2, 4]] 
Generation 7 (4) (U.S: 4) -> [[3, 6, 4, 1, 5, 0, 2], [5, 3, 1, 6, 4, 2, 0], [0, 4, 1, 5, 2, 6, 3], [6, 1, 3, 5, 0, 2, 4]] 
Generation 8 (4) (U.S: 4) -> [[3, 6, 4, 1, 5, 0, 2], [5, 3, 1, 6, 4, 2, 0], [0, 4, 1, 5, 2, 6, 3], [6, 1, 3, 5, 0, 2, 4]] 
Generation 9 (4) (U.S: 4) -> [[3, 6, 4, 1, 5, 0, 2], [5, 3, 1, 6, 4, 2, 0], [0, 4, 1, 5, 2, 6, 3], [6, 1, 3, 5, 0, 2, 4]] 
Generation 10 (4) (U.S: 4) -> [[3, 6, 4, 1, 5, 0, 2], [5, 3, 1, 6, 4, 2, 0], [0, 4, 1, 5, 2, 6, 3], [6, 1, 3, 5, 0, 2, 4]] 
Generation 11 (4) (U.S: 4) -> [[3, 6, 4, 1, 5, 0, 2], [5, 3, 1, 6, 4, 2, 0], [0, 4, 1, 5, 2, 6, 3], [6, 1, 3, 5, 0, 2, 4]] 
Generation 12 (4) (U.S: 4) -> [[3, 6, 4, 1, 5, 0, 2], [5, 3, 1, 6, 4, 2, 0], [0, 4, 1, 5, 2, 6, 3], [6, 1, 3, 5, 0, 2, 4]] 
Generation 13 (4) (U.S: 4) -> [[3, 6, 4, 1, 5, 0, 2], [5, 3, 1, 6, 4, 2, 0], [0, 4, 1, 5, 2, 6, 3], [6, 1, 3, 5, 0, 2, 4]] 
Generation 14 (4) (U.S: 4) -> [[3, 6, 4, 1, 5, 0, 2], [5, 3, 1, 6, 4, 2, 0], [0, 4, 1, 5, 2, 6, 3], [6, 1, 3, 5, 0, 2, 4]] 
Generation 15 (4) (U.S: 4) -> [[3, 6, 4, 1, 5, 0, 2], [5, 3, 1, 6, 4, 2, 0], [0, 4, 1, 5, 2, 6, 3], [6, 1, 3, 5, 0, 2, 4]] 
Generation 16 (4) (U.S: 4) -> [[3, 6, 4, 1, 5, 0, 2], [5, 3, 1, 6, 4, 2, 0], [0, 4, 1, 5, 2, 6, 3], [6, 1, 3, 5, 0, 2, 4]] 
Generation 17 (4) (U.S: 4) -> [[3, 6, 4, 1, 5, 0, 2], [5, 3, 1, 6, 4, 2, 0], [0, 4, 1, 5, 2, 6, 3], [6, 1, 3, 5, 0, 2, 4]] 
Generation 18 (4) (U.S: 4) -> [[3, 6, 4, 1, 5, 0, 2], [5, 3, 1, 6, 4, 2, 0], [0, 4, 1, 5, 2, 6, 3], [6, 1, 3, 5, 0, 2, 4]] 
Generation 19 (4) (U.S: 4) -> [[3, 6, 4, 1, 5, 0, 2], [5, 3, 1, 6, 4, 2, 0], [0, 4, 1, 5, 2, 6, 3], [6, 1, 3, 5, 0, 2, 4]] 
Generation 20 (4) (U.S: 4) -> [[3, 6, 4, 1, 5, 0, 2], [5, 3, 1, 6, 4, 2, 0], [0, 4, 1, 5, 2, 6, 3], [6, 1, 3, 5, 0, 2, 4]] 
Generation 21 (4) (U.S: 4) -> [[3, 6, 4, 1, 5, 0, 2], [5, 3, 1, 6, 4, 2, 0], [0, 4, 1, 5, 2, 6, 3], [6, 1, 3, 5, 0, 2, 4]] 
Generation 22 (4) (U.S: 4) -> [[3, 6, 4, 1, 5, 0, 2], [5, 3, 1, 6, 4, 2, 0], [0, 4, 1, 5, 2, 6, 3], [6, 1, 3, 5, 0, 2, 4]] 
Generation 23 (4) (U.S: 4) -> [[3, 6, 4, 1, 5, 0, 2], [5, 3, 1, 6, 4, 2, 0], [0, 4, 1, 5, 2, 6, 3], [6, 1, 3, 5, 0, 2, 4]] 
Generation 24 (4) (U.S: 4) -> [[3, 6, 4, 1, 5, 0, 2], [5, 3, 1, 6, 4, 2, 0], [0, 4, 1, 5, 2, 6, 3], [6, 1, 3, 5, 0, 2, 4]] 
Generation 25 (4) (U.S: 4) -> [[3, 6, 4, 1, 5, 0, 2], [5, 3, 1, 6, 4, 2, 0], [0, 4, 1, 5, 2, 6, 3], [6, 1, 3, 5, 0, 2, 4]] 
Generation 26 (4) (U.S: 4) -> [[3, 6, 4, 1, 5, 0, 2], [5, 3, 1, 6, 4, 2, 0], [0, 4, 1, 5, 2, 6, 3], [6, 1, 3, 5, 0, 2, 4]] 
Generation 27 (4) (U.S: 4) -> [[3, 6, 4, 1, 5, 0, 2], [5, 3, 1, 6, 4, 2, 0], [0, 4, 1, 5, 2, 6, 3], [6, 1, 3, 5, 0, 2, 4]] 
Generation 28 (4) (U.S: 4) -> [[3, 6, 4, 1, 5, 0, 2], [5, 3, 1, 6, 4, 2, 0], [0, 4, 1, 5, 2, 6, 3], [6, 1, 3, 5, 0, 2, 4]] 
Generation 29 (4) (U.S: 4) -> [[3, 6, 4, 1, 5, 0, 2], [5, 3, 1, 6, 4, 2, 0], [0, 4, 1, 5, 2, 6, 3], [6, 1, 3, 5, 0, 2, 4]] 
Generation 30 (4) (U.S: 4) -> [[3, 6, 4, 1, 5, 0, 2], [5, 3, 1, 6, 4, 2, 0], [0, 4, 1, 5, 2, 6, 3], [6, 1, 3, 5, 0, 2, 4]] 
Generation 31 (4) (U.S: 4) -> [[3, 6, 4, 1, 5, 0, 2], [5, 3, 1, 6, 4, 2, 0], [0, 4, 1, 5, 2, 6, 3], [6, 1, 3, 5, 0, 2, 4]] 
Generation 32 (4) (U.S: 4) -> [[3, 6, 4, 1, 5, 0, 2], [5, 3, 1, 6, 4, 2, 0], [0, 4, 1, 5, 2, 6, 3], [6, 1, 3, 5, 0, 2, 4]] 
Generation 33 (4) (U.S: 4) -> [[3, 6, 4, 1, 5, 0, 2], [5, 3, 1, 6, 4, 2, 0], [0, 4, 1, 5, 2, 6, 3], [6, 1, 3, 5, 0, 2, 4]] 
Generation 34 (4) (U.S: 4) -> [[3, 6, 4, 1, 5, 0, 2], [5, 3, 1, 6, 4, 2, 0], [0, 4, 1, 5, 2, 6, 3], [6, 1, 3, 5, 0, 2, 4]] 
Generation 35 (4) (U.S: 4) -> [[3, 6, 4, 1, 5, 0, 2], [5, 3, 1, 6, 4, 2, 0], [0, 4, 1, 5, 2, 6, 3], [6, 1, 3, 5, 0, 2, 4]] 
Generation 36 (4) (U.S: 4) -> [[3, 6, 4, 1, 5, 0, 2], [5, 3, 1, 6, 4, 2, 0], [0, 4, 1, 5, 2, 6, 3], [6, 1, 3, 5, 0, 2, 4]] 
Generation 37 (4) (U.S: 4) -> [[3, 6, 4, 1, 5, 0, 2], [5, 3, 1, 6, 4, 2, 0], [0, 4, 1, 5, 2, 6, 3], [6, 1, 3, 5, 0, 2, 4]] 
Generation 38 (4) (U.S: 4) -> [[3, 6, 4, 1, 5, 0, 2], [5, 3, 1, 6, 4, 2, 0], [0, 4, 1, 5, 2, 6, 3], [6, 1, 3, 5, 0, 2, 4]] 
Generation 39 (4) (U.S: 4) -> [[3, 6, 4, 1, 5, 0, 2], [5, 3, 1, 6, 4, 2, 0], [0, 4, 1, 5, 2, 6, 3], [6, 1, 3, 5, 0, 2, 4]] 
Generation 40 (4) (U.S: 4) -> [[3, 6, 4, 1, 5, 0, 2], [5, 3, 1, 6, 4, 2, 0], [0, 4, 1, 5, 2, 6, 3], [6, 1, 3, 5, 0, 2, 4]] 
Generation 41 (4) (U.S: 4) -> [[3, 6, 4, 1, 5, 0, 2], [5, 3, 1, 6, 4, 2, 0], [0, 4, 1, 5, 2, 6, 3], [6, 1, 3, 5, 0, 2, 4]] 
Generation 42 (4) (U.S: 4) -> [[3, 6, 4, 1, 5, 0, 2], [5, 3, 1, 6, 4, 2, 0], [0, 4, 1, 5, 2, 6, 3], [6, 1, 3, 5, 0, 2, 4]] 
Generation 43 (4) (U.S: 4) -> [[3, 6, 4, 1, 5, 0, 2], [5, 3, 1, 6, 4, 2, 0], [0, 4, 1, 5, 2, 6, 3], [6, 1, 3, 5, 0, 2, 4]] 
Generation 44 (4) (U.S: 4) -> [[3, 6, 4, 1, 5, 0, 2], [5, 3, 1, 6, 4, 2, 0], [0, 4, 1, 5, 2, 6, 3], [6, 1, 3, 5, 0, 2, 4]] 
Generation 45 (4) (U.S: 4) -> [[3, 6, 4, 1, 5, 0, 2], [5, 3, 1, 6, 4, 2, 0], [0, 4, 1, 5, 2, 6, 3], [6, 1, 3, 5, 0, 2, 4]] 
Generation 46 (4) (U.S: 4) -> [[3, 6, 4, 1, 5, 0, 2], [5, 3, 1, 6, 4, 2, 0], [0, 4, 1, 5, 2, 6, 3], [6, 1, 3, 5, 0, 2, 4]] 
Generation 47 (4) (U.S: 4) -> [[3, 6, 4, 1, 5, 0, 2], [5, 3, 1, 6, 4, 2, 0], [0, 4, 1, 5, 2, 6, 3], [6, 1, 3, 5, 0, 2, 4]] 
Generation 48 (4) (U.S: 4) -> [[3, 6, 4, 1, 5, 0, 2], [5, 3, 1, 6, 4, 2, 0], [0, 4, 1, 5, 2, 6, 3], [6, 1, 3, 5, 0, 2, 4]] 
Generation 49 (4) (U.S: 4) -> [[3, 6, 4, 1, 5, 0, 2], [5, 3, 1, 6, 4, 2, 0], [0, 4, 1, 5, 2, 6, 3], [6, 1, 3, 5, 0, 2, 4]] 
Generation 50 (4) (U.S: 4) -> [[3, 6, 4, 1, 5, 0, 2], [5, 3, 1, 6, 4, 2, 0], [0, 4, 1, 5, 2, 6, 3], [6, 1, 3, 5, 0, 2, 4]] 
Generation 51 (4) (U.S: 4) -> [[3, 6, 4, 1, 5, 0, 2], [5, 3, 1, 6, 4, 2, 0], [0, 4, 1, 5, 2, 6, 3], [6, 1, 3, 5, 0, 2, 4]] 
Generation 52 (4) (U.S: 4) -> [[3, 6, 4, 1, 5, 0, 2], [5, 3, 1, 6, 4, 2, 0], [0, 4, 1, 5, 2, 6, 3], [6, 1, 3, 5, 0, 2, 4]] 
Generation 53 (4) (U.S: 4) -> [[3, 6, 4, 1, 5, 0, 2], [5, 3, 1, 6, 4, 2, 0], [0, 4, 1, 5, 2, 6, 3], [6, 1, 3, 5, 0, 2, 4]] 
Generation 54 (4) (U.S: 4) -> [[3, 6, 4, 1, 5, 0, 2], [5, 3, 1, 6, 4, 2, 0], [0, 4, 1, 5, 2, 6, 3], [6, 1, 3, 5, 0, 2, 4]] 
Generation 55 (4) (U.S: 4) -> [[3, 6, 4, 1, 5, 0, 2], [5, 3, 1, 6, 4, 2, 0], [0, 4, 1, 5, 2, 6, 3], [6, 1, 3, 5, 0, 2, 4]] 
Generation 56 (4) (U.S: 4) -> [[3, 6, 4, 1, 5, 0, 2], [5, 3, 1, 6, 4, 2, 0], [0, 4, 1, 5, 2, 6, 3], [6, 1, 3, 5, 0, 2, 4]] 
Generation 57 (4) (U.S: 4) -> [[3, 6, 4, 1, 5, 0, 2], [5, 3, 1, 6, 4, 2, 0], [0, 4, 1, 5, 2, 6, 3], [6, 1, 3, 5, 0, 2, 4]] 
Generation 58 (4) (U.S: 4) -> [[3, 6, 4, 1, 5, 0, 2], [5, 3, 1, 6, 4, 2, 0], [0, 4, 1, 5, 2, 6, 3], [6, 1, 3, 5, 0, 2, 4]] 
Generation 59 (4) (U.S: 4) -> [[3, 6, 4, 1, 5, 0, 2], [5, 3, 1, 6, 4, 2, 0], [0, 4, 1, 5, 2, 6, 3], [6, 1, 3, 5, 0, 2, 4]] 
Generation 60 (4) (U.S: 4) -> [[3, 6, 4, 1, 5, 0, 2], [5, 3, 1, 6, 4, 2, 0], [0, 4, 1, 5, 2, 6, 3], [6, 1, 3, 5, 0, 2, 4]] 
Generation 61 (4) (U.S: 4) -> [[3, 6, 4, 1, 5, 0, 2], [5, 3, 1, 6, 4, 2, 0], [0, 4, 1, 5, 2, 6, 3], [6, 1, 3, 5, 0, 2, 4]] 
Generation 62 (4) (U.S: 4) -> [[3, 6, 4, 1, 5, 0, 2], [5, 3, 1, 6, 4, 2, 0], [0, 4, 1, 5, 2, 6, 3], [6, 1, 3, 5, 0, 2, 4]] 
Generation 63 (4) (U.S: 4) -> [[3, 6, 4, 1, 5, 0, 2], [5, 3, 1, 6, 4, 2, 0], [0, 4, 1, 5, 2, 6, 3], [6, 1, 3, 5, 0, 2, 4]] 
Generation 64 (4) (U.S: 4) -> [[3, 6, 4, 1, 5, 0, 2], [5, 3, 1, 6, 4, 2, 0], [0, 4, 1, 5, 2, 6, 3], [6, 1, 3, 5, 0, 2, 4]] 
Generation 65 (4) (U.S: 4) -> [[3, 6, 4, 1, 5, 0, 2], [5, 3, 1, 6, 4, 2, 0], [0, 4, 1, 5, 2, 6, 3], [6, 1, 3, 5, 0, 2, 4]] 
Generation 66 (4) (U.S: 4) -> [[3, 6, 4, 1, 5, 0, 2], [5, 3, 1, 6, 4, 2, 0], [0, 4, 1, 5, 2, 6, 3], [6, 1, 3, 5, 0, 2, 4]] 
Generation 67 (4) (U.S: 4) -> [[3, 6, 4, 1, 5, 0, 2], [5, 3, 1, 6, 4, 2, 0], [0, 4, 1, 5, 2, 6, 3], [6, 1, 3, 5, 0, 2, 4]] 
Generation 68 (4) (U.S: 4) -> [[3, 6, 4, 1, 5, 0, 2], [5, 3, 1, 6, 4, 2, 0], [0, 4, 1, 5, 2, 6, 3], [6, 1, 3, 5, 0, 2, 4]] 
Generation 69 (4) (U.S: 4) -> [[3, 6, 4, 1, 5, 0, 2], [5, 3, 1, 6, 4, 2, 0], [0, 4, 1, 5, 2, 6, 3], [6, 1, 3, 5, 0, 2, 4]] 
Generation 70 (4) (U.S: 4) -> [[3, 6, 4, 1, 5, 0, 2], [5, 3, 1, 6, 4, 2, 0], [0, 4, 1, 5, 2, 6, 3], [6, 1, 3, 5, 0, 2, 4]] 
Generation 71 (4) (U.S: 4) -> [[3, 6, 4, 1, 5, 0, 2], [5, 3, 1, 6, 4, 2, 0], [0, 4, 1, 5, 2, 6, 3], [6, 1, 3, 5, 0, 2, 4]] 
Generation 72 (4) (U.S: 4) -> [[3, 6, 4, 1, 5, 0, 2], [5, 3, 1, 6, 4, 2, 0], [0, 4, 1, 5, 2, 6, 3], [6, 1, 3, 5, 0, 2, 4]] 
Generation 73 (4) (U.S: 4) -> [[3, 6, 4, 1, 5, 0, 2], [5, 3, 1, 6, 4, 2, 0], [0, 4, 1, 5, 2, 6, 3], [6, 1, 3, 5, 0, 2, 4]] 
Generation 74 (4) (U.S: 4) -> [[3, 6, 4, 1, 5, 0, 2], [5, 3, 1, 6, 4, 2, 0], [0, 4, 1, 5, 2, 6, 3], [6, 1, 3, 5, 0, 2, 4]] 
Generation 75 (4) (U.S: 4) -> [[3, 6, 4, 1, 5, 0, 2], [5, 3, 1, 6, 4, 2, 0], [0, 4, 1, 5, 2, 6, 3], [6, 1, 3, 5, 0, 2, 4]] 
Generation 76 (4) (U.S: 4) -> [[3, 6, 4, 1, 5, 0, 2], [5, 3, 1, 6, 4, 2, 0], [0, 4, 1, 5, 2, 6, 3], [6, 1, 3, 5, 0, 2, 4]] 
Generation 77 (4) (U.S: 4) -> [[3, 6, 4, 1, 5, 0, 2], [5, 3, 1, 6, 4, 2, 0], [0, 4, 1, 5, 2, 6, 3], [6, 1, 3, 5, 0, 2, 4]] 
Generation 78 (4) (U.S: 4) -> [[3, 6, 4, 1, 5, 0, 2], [5, 3, 1, 6, 4, 2, 0], [0, 4, 1, 5, 2, 6, 3], [6, 1, 3, 5, 0, 2, 4]] 
Generation 79 (4) (U.S: 4) -> [[3, 6, 4, 1, 5, 0, 2], [5, 3, 1, 6, 4, 2, 0], [0, 4, 1, 5, 2, 6, 3], [6, 1, 3, 5, 0, 2, 4]] 
Generation 80 (4) (U.S: 4) -> [[3, 6, 4, 1, 5, 0, 2], [5, 3, 1, 6, 4, 2, 0], [0, 4, 1, 5, 2, 6, 3], [6, 1, 3, 5, 0, 2, 4]] 
Generation 81 (4) (U.S: 4) -> [[3, 6, 4, 1, 5, 0, 2], [5, 3, 1, 6, 4, 2, 0], [0, 4, 1, 5, 2, 6, 3], [6, 1, 3, 5, 0, 2, 4]] 
Generation 82 (4) (U.S: 4) -> [[3, 6, 4, 1, 5, 0, 2], [5, 3, 1, 6, 4, 2, 0], [0, 4, 1, 5, 2, 6, 3], [6, 1, 3, 5, 0, 2, 4]] 
Generation 83 (4) (U.S: 4) -> [[3, 6, 4, 1, 5, 0, 2], [5, 3, 1, 6, 4, 2, 0], [0, 4, 1, 5, 2, 6, 3], [6, 1, 3, 5, 0, 2, 4]] 
Generation 84 (4) (U.S: 4) -> [[3, 6, 4, 1, 5, 0, 2], [5, 3, 1, 6, 4, 2, 0], [0, 4, 1, 5, 2, 6, 3], [6, 1, 3, 5, 0, 2, 4]] 
Generation 85 (4) (U.S: 4) -> [[3, 6, 4, 1, 5, 0, 2], [5, 3, 1, 6, 4, 2, 0], [0, 4, 1, 5, 2, 6, 3], [6, 1, 3, 5, 0, 2, 4]] 
Generation 86 (4) (U.S: 4) -> [[3, 6, 4, 1, 5, 0, 2], [5, 3, 1, 6, 4, 2, 0], [0, 4, 1, 5, 2, 6, 3], [6, 1, 3, 5, 0, 2, 4]] 
Generation 87 (4) (U.S: 4) -> [[3, 6, 4, 1, 5, 0, 2], [5, 3, 1, 6, 4, 2, 0], [0, 4, 1, 5, 2, 6, 3], [6, 1, 3, 5, 0, 2, 4]] 
Generation 88 (4) (U.S: 4) -> [[3, 6, 4, 1, 5, 0, 2], [5, 3, 1, 6, 4, 2, 0], [0, 4, 1, 5, 2, 6, 3], [6, 1, 3, 5, 0, 2, 4]] 
Generation 89 (4) (U.S: 4) -> [[3, 6, 4, 1, 5, 0, 2], [5, 3, 1, 6, 4, 2, 0], [0, 4, 1, 5, 2, 6, 3], [6, 1, 3, 5, 0, 2, 4]] 
Generation 90 (4) (U.S: 4) -> [[3, 6, 4, 1, 5, 0, 2], [5, 3, 1, 6, 4, 2, 0], [0, 4, 1, 5, 2, 6, 3], [6, 1, 3, 5, 0, 2, 4]] 
Generation 91 (5) (U.S: 4) -> [[3, 6, 4, 1, 5, 0, 2], [5, 3, 1, 6, 4, 2, 0], [0, 4, 1, 5, 2, 6, 3], [0, 4, 1, 5, 2, 6, 3], [6, 1, 3, 5, 0, 2, 4]] 
Generation 92 (5) (U.S: 4) -> [[3, 6, 4, 1, 5, 0, 2], [5, 3, 1, 6, 4, 2, 0], [0, 4, 1, 5, 2, 6, 3], [0, 4, 1, 5, 2, 6, 3], [6, 1, 3, 5, 0, 2, 4]] 
Generation 93 (5) (U.S: 4) -> [[3, 6, 4, 1, 5, 0, 2], [5, 3, 1, 6, 4, 2, 0], [0, 4, 1, 5, 2, 6, 3], [0, 4, 1, 5, 2, 6, 3], [6, 1, 3, 5, 0, 2, 4]] 
Generation 94 (5) (U.S: 4) -> [[3, 6, 4, 1, 5, 0, 2], [5, 3, 1, 6, 4, 2, 0], [0, 4, 1, 5, 2, 6, 3], [0, 4, 1, 5, 2, 6, 3], [6, 1, 3, 5, 0, 2, 4]] 
Generation 95 (5) (U.S: 4) -> [[3, 6, 4, 1, 5, 0, 2], [5, 3, 1, 6, 4, 2, 0], [0, 4, 1, 5, 2, 6, 3], [0, 4, 1, 5, 2, 6, 3], [6, 1, 3, 5, 0, 2, 4]] 
Generation 96 (5) (U.S: 4) -> [[3, 6, 4, 1, 5, 0, 2], [5, 3, 1, 6, 4, 2, 0], [0, 4, 1, 5, 2, 6, 3], [0, 4, 1, 5, 2, 6, 3], [6, 1, 3, 5, 0, 2, 4]] 
Generation 97 (5) (U.S: 4) -> [[3, 6, 4, 1, 5, 0, 2], [5, 3, 1, 6, 4, 2, 0], [0, 4, 1, 5, 2, 6, 3], [0, 4, 1, 5, 2, 6, 3], [6, 1, 3, 5, 0, 2, 4]] 
Generation 98 (5) (U.S: 4) -> [[3, 6, 4, 1, 5, 0, 2], [5, 3, 1, 6, 4, 2, 0], [0, 4, 1, 5, 2, 6, 3], [0, 4, 1, 5, 2, 6, 3], [6, 1, 3, 5, 0, 2, 4]] 
Generation 99 (5) (U.S: 4) -> [[3, 6, 4, 1, 5, 0, 2], [5, 3, 1, 6, 4, 2, 0], [0, 4, 1, 5, 2, 6, 3], [0, 4, 1, 5, 2, 6, 3], [6, 1, 3, 5, 0, 2, 4]] 
Generation 100 (5) (U.S: 4) -> [[3, 6, 4, 1, 5, 0, 2], [5, 3, 1, 6, 4, 2, 0], [0, 4, 1, 5, 2, 6, 3], [0, 4, 1, 5, 2, 6, 3], [6, 1, 3, 5, 0, 2, 4]] 
------------------------------------ 
The 4 solutions found are: 
3
6
4
1
5
0
2
5
3
1
6
4
2
0
0
4
1
5
2
6
3
6
1
3
5
0
2
4
