Objective Function: Diversity 
lengthPopulation: 100 
lengthChromosome: 5 
lengthMatingPool: 80 
generations:  100 
------------------------------------ 
Selection Method: Tournament 
Reproduction Method: Mutation 
Replacement Selection Method: Weakest Replacement 

Results: 
Generation 1 (9) (U.S: 7) -> [[2, 0, 3, 1, 4], [1, 4, 2, 0, 3], [0, 3, 1, 4, 2], [3, 0, 2, 4, 1], [1, 4, 2, 0, 3], [0, 3, 1, 4, 2], [1, 3, 0, 2, 4], [4, 2, 0, 3, 1], [2, 4, 1, 3, 0]] 
Generation 2 (9) (U.S: 7) -> [[2, 0, 3, 1, 4], [1, 4, 2, 0, 3], [0, 3, 1, 4, 2], [3, 0, 2, 4, 1], [1, 4, 2, 0, 3], [0, 3, 1, 4, 2], [1, 3, 0, 2, 4], [4, 2, 0, 3, 1], [2, 4, 1, 3, 0]] 
Generation 3 (9) (U.S: 7) -> [[2, 0, 3, 1, 4], [1, 4, 2, 0, 3], [0, 3, 1, 4, 2], [3, 0, 2, 4, 1], [1, 4, 2, 0, 3], [0, 3, 1, 4, 2], [1, 3, 0, 2, 4], [4, 2, 0, 3, 1], [2, 4, 1, 3, 0]] 
Generation 4 (9) (U.S: 7) -> [[2, 0, 3, 1, 4], [1, 4, 2, 0, 3], [0, 3, 1, 4, 2], [3, 0, 2, 4, 1], [1, 4, 2, 0, 3], [0, 3, 1, 4, 2], [1, 3, 0, 2, 4], [4, 2, 0, 3, 1], [2, 4, 1, 3, 0]] 
Generation 5 (9) (U.S: 7) -> [[2, 0, 3, 1, 4], [1, 4, 2, 0, 3], [0, 3, 1, 4, 2], [3, 0, 2, 4, 1], [1, 4, 2, 0, 3], [0, 3, 1, 4, 2], [1, 3, 0, 2, 4], [4, 2, 0, 3, 1], [2, 4, 1, 3, 0]] 
Generation 6 (9) (U.S: 7) -> [[2, 0, 3, 1, 4], [1, 4, 2, 0, 3], [0, 3, 1, 4, 2], [3, 0, 2, 4, 1], [1, 4, 2, 0, 3], [0, 3, 1, 4, 2], [1, 3, 0, 2, 4], [4, 2, 0, 3, 1], [2, 4, 1, 3, 0]] 
Generation 7 (9) (U.S: 7) -> [[2, 0, 3, 1, 4], [1, 4, 2, 0, 3], [0, 3, 1, 4, 2], [3, 0, 2, 4, 1], [1, 4, 2, 0, 3], [0, 3, 1, 4, 2], [1, 3, 0, 2, 4], [4, 2, 0, 3, 1], [2, 4, 1, 3, 0]] 
Generation 8 (9) (U.S: 7) -> [[2, 0, 3, 1, 4], [1, 4, 2, 0, 3], [0, 3, 1, 4, 2], [3, 0, 2, 4, 1], [1, 4, 2, 0, 3], [0, 3, 1, 4, 2], [1, 3, 0, 2, 4], [4, 2, 0, 3, 1], [2, 4, 1, 3, 0]] 
Generation 9 (9) (U.S: 7) -> [[2, 0, 3, 1, 4], [1, 4, 2, 0, 3], [0, 3, 1, 4, 2], [3, 0, 2, 4, 1], [1, 4, 2, 0, 3], [0, 3, 1, 4, 2], [1, 3, 0, 2, 4], [4, 2, 0, 3, 1], [2, 4, 1, 3, 0]] 
Generation 10 (9) (U.S: 7) -> [[2, 0, 3, 1, 4], [1, 4, 2, 0, 3], [0, 3, 1, 4, 2], [3, 0, 2, 4, 1], [1, 4, 2, 0, 3], [0, 3, 1, 4, 2], [1, 3, 0, 2, 4], [4, 2, 0, 3, 1], [2, 4, 1, 3, 0]] 
Generation 11 (9) (U.S: 7) -> [[2, 0, 3, 1, 4], [1, 4, 2, 0, 3], [0, 3, 1, 4, 2], [3, 0, 2, 4, 1], [1, 4, 2, 0, 3], [0, 3, 1, 4, 2], [1, 3, 0, 2, 4], [4, 2, 0, 3, 1], [2, 4, 1, 3, 0]] 
Generation 12 (9) (U.S: 7) -> [[2, 0, 3, 1, 4], [1, 4, 2, 0, 3], [0, 3, 1, 4, 2], [3, 0, 2, 4, 1], [1, 4, 2, 0, 3], [0, 3, 1, 4, 2], [1, 3, 0, 2, 4], [4, 2, 0, 3, 1], [2, 4, 1, 3, 0]] 
Generation 13 (9) (U.S: 7) -> [[2, 0, 3, 1, 4], [1, 4, 2, 0, 3], [0, 3, 1, 4, 2], [3, 0, 2, 4, 1], [1, 4, 2, 0, 3], [0, 3, 1, 4, 2], [1, 3, 0, 2, 4], [4, 2, 0, 3, 1], [2, 4, 1, 3, 0]] 
Generation 14 (9) (U.S: 7) -> [[2, 0, 3, 1, 4], [1, 4, 2, 0, 3], [0, 3, 1, 4, 2], [3, 0, 2, 4, 1], [1, 4, 2, 0, 3], [0, 3, 1, 4, 2], [1, 3, 0, 2, 4], [4, 2, 0, 3, 1], [2, 4, 1, 3, 0]] 
Generation 15 (9) (U.S: 7) -> [[2, 0, 3, 1, 4], [1, 4, 2, 0, 3], [0, 3, 1, 4, 2], [3, 0, 2, 4, 1], [1, 4, 2, 0, 3], [0, 3, 1, 4, 2], [1, 3, 0, 2, 4], [4, 2, 0, 3, 1], [2, 4, 1, 3, 0]] 
Generation 16 (9) (U.S: 7) -> [[2, 0, 3, 1, 4], [1, 4, 2, 0, 3], [0, 3, 1, 4, 2], [3, 0, 2, 4, 1], [1, 4, 2, 0, 3], [0, 3, 1, 4, 2], [1, 3, 0, 2, 4], [4, 2, 0, 3, 1], [2, 4, 1, 3, 0]] 
Generation 17 (9) (U.S: 7) -> [[2, 0, 3, 1, 4], [1, 4, 2, 0, 3], [0, 3, 1, 4, 2], [3, 0, 2, 4, 1], [1, 4, 2, 0, 3], [0, 3, 1, 4, 2], [1, 3, 0, 2, 4], [4, 2, 0, 3, 1], [2, 4, 1, 3, 0]] 
Generation 18 (9) (U.S: 7) -> [[2, 0, 3, 1, 4], [1, 4, 2, 0, 3], [0, 3, 1, 4, 2], [3, 0, 2, 4, 1], [1, 4, 2, 0, 3], [0, 3, 1, 4, 2], [1, 3, 0, 2, 4], [4, 2, 0, 3, 1], [2, 4, 1, 3, 0]] 
Generation 19 (9) (U.S: 7) -> [[2, 0, 3, 1, 4], [1, 4, 2, 0, 3], [0, 3, 1, 4, 2], [3, 0, 2, 4, 1], [1, 4, 2, 0, 3], [0, 3, 1, 4, 2], [1, 3, 0, 2, 4], [4, 2, 0, 3, 1], [2, 4, 1, 3, 0]] 
Generation 20 (9) (U.S: 7) -> [[2, 0, 3, 1, 4], [1, 4, 2, 0, 3], [0, 3, 1, 4, 2], [3, 0, 2, 4, 1], [1, 4, 2, 0, 3], [0, 3, 1, 4, 2], [1, 3, 0, 2, 4], [4, 2, 0, 3, 1], [2, 4, 1, 3, 0]] 
Generation 21 (9) (U.S: 7) -> [[2, 0, 3, 1, 4], [1, 4, 2, 0, 3], [0, 3, 1, 4, 2], [3, 0, 2, 4, 1], [1, 4, 2, 0, 3], [0, 3, 1, 4, 2], [1, 3, 0, 2, 4], [4, 2, 0, 3, 1], [2, 4, 1, 3, 0]] 
Generation 22 (9) (U.S: 7) -> [[2, 0, 3, 1, 4], [1, 4, 2, 0, 3], [0, 3, 1, 4, 2], [3, 0, 2, 4, 1], [1, 4, 2, 0, 3], [0, 3, 1, 4, 2], [1, 3, 0, 2, 4], [4, 2, 0, 3, 1], [2, 4, 1, 3, 0]] 
Generation 23 (9) (U.S: 7) -> [[2, 0, 3, 1, 4], [1, 4, 2, 0, 3], [0, 3, 1, 4, 2], [3, 0, 2, 4, 1], [1, 4, 2, 0, 3], [0, 3, 1, 4, 2], [1, 3, 0, 2, 4], [4, 2, 0, 3, 1], [2, 4, 1, 3, 0]] 
Generation 24 (9) (U.S: 7) -> [[2, 0, 3, 1, 4], [1, 4, 2, 0, 3], [0, 3, 1, 4, 2], [3, 0, 2, 4, 1], [1, 4, 2, 0, 3], [0, 3, 1, 4, 2], [1, 3, 0, 2, 4], [4, 2, 0, 3, 1], [2, 4, 1, 3, 0]] 
Generation 25 (9) (U.S: 7) -> [[2, 0, 3, 1, 4], [1, 4, 2, 0, 3], [0, 3, 1, 4, 2], [3, 0, 2, 4, 1], [1, 4, 2, 0, 3], [0, 3, 1, 4, 2], [1, 3, 0, 2, 4], [4, 2, 0, 3, 1], [2, 4, 1, 3, 0]] 
Generation 26 (9) (U.S: 7) -> [[2, 0, 3, 1, 4], [1, 4, 2, 0, 3], [0, 3, 1, 4, 2], [3, 0, 2, 4, 1], [1, 4, 2, 0, 3], [0, 3, 1, 4, 2], [1, 3, 0, 2, 4], [4, 2, 0, 3, 1], [2, 4, 1, 3, 0]] 
Generation 27 (10) (U.S: 7) -> [[2, 0, 3, 1, 4], [1, 4, 2, 0, 3], [0, 3, 1, 4, 2], [3, 0, 2, 4, 1], [1, 4, 2, 0, 3], [1, 3, 0, 2, 4], [0, 3, 1, 4, 2], [1, 3, 0, 2, 4], [4, 2, 0, 3, 1], [2, 4, 1, 3, 0]] 
Generation 28 (10) (U.S: 7) -> [[2, 0, 3, 1, 4], [1, 4, 2, 0, 3], [0, 3, 1, 4, 2], [3, 0, 2, 4, 1], [1, 4, 2, 0, 3], [1, 3, 0, 2, 4], [0, 3, 1, 4, 2], [1, 3, 0, 2, 4], [4, 2, 0, 3, 1], [2, 4, 1, 3, 0]] 
Generation 29 (10) (U.S: 7) -> [[2, 0, 3, 1, 4], [1, 4, 2, 0, 3], [0, 3, 1, 4, 2], [3, 0, 2, 4, 1], [1, 4, 2, 0, 3], [1, 3, 0, 2, 4], [0, 3, 1, 4, 2], [1, 3, 0, 2, 4], [4, 2, 0, 3, 1], [2, 4, 1, 3, 0]] 
Generation 30 (10) (U.S: 7) -> [[2, 0, 3, 1, 4], [1, 4, 2, 0, 3], [0, 3, 1, 4, 2], [3, 0, 2, 4, 1], [1, 4, 2, 0, 3], [1, 3, 0, 2, 4], [0, 3, 1, 4, 2], [1, 3, 0, 2, 4], [4, 2, 0, 3, 1], [2, 4, 1, 3, 0]] 
Generation 31 (10) (U.S: 7) -> [[2, 0, 3, 1, 4], [1, 4, 2, 0, 3], [0, 3, 1, 4, 2], [3, 0, 2, 4, 1], [1, 4, 2, 0, 3], [1, 3, 0, 2, 4], [0, 3, 1, 4, 2], [1, 3, 0, 2, 4], [4, 2, 0, 3, 1], [2, 4, 1, 3, 0]] 
Generation 32 (10) (U.S: 7) -> [[2, 0, 3, 1, 4], [1, 4, 2, 0, 3], [0, 3, 1, 4, 2], [3, 0, 2, 4, 1], [1, 4, 2, 0, 3], [1, 3, 0, 2, 4], [0, 3, 1, 4, 2], [1, 3, 0, 2, 4], [4, 2, 0, 3, 1], [2, 4, 1, 3, 0]] 
Generation 33 (10) (U.S: 7) -> [[2, 0, 3, 1, 4], [1, 4, 2, 0, 3], [0, 3, 1, 4, 2], [3, 0, 2, 4, 1], [1, 4, 2, 0, 3], [1, 3, 0, 2, 4], [0, 3, 1, 4, 2], [1, 3, 0, 2, 4], [4, 2, 0, 3, 1], [2, 4, 1, 3, 0]] 
Generation 34 (11) (U.S: 8) -> [[2, 0, 3, 1, 4], [1, 4, 2, 0, 3], [0, 3, 1, 4, 2], [4, 1, 3, 0, 2], [3, 0, 2, 4, 1], [1, 4, 2, 0, 3], [1, 3, 0, 2, 4], [0, 3, 1, 4, 2], [1, 3, 0, 2, 4], [4, 2, 0, 3, 1], [2, 4, 1, 3, 0]] 
Generation 35 (11) (U.S: 8) -> [[2, 0, 3, 1, 4], [1, 4, 2, 0, 3], [0, 3, 1, 4, 2], [4, 1, 3, 0, 2], [3, 0, 2, 4, 1], [1, 4, 2, 0, 3], [1, 3, 0, 2, 4], [0, 3, 1, 4, 2], [1, 3, 0, 2, 4], [4, 2, 0, 3, 1], [2, 4, 1, 3, 0]] 
Generation 36 (11) (U.S: 8) -> [[2, 0, 3, 1, 4], [1, 4, 2, 0, 3], [0, 3, 1, 4, 2], [4, 1, 3, 0, 2], [3, 0, 2, 4, 1], [1, 4, 2, 0, 3], [1, 3, 0, 2, 4], [0, 3, 1, 4, 2], [1, 3, 0, 2, 4], [4, 2, 0, 3, 1], [2, 4, 1, 3, 0]] 
Generation 37 (11) (U.S: 8) -> [[2, 0, 3, 1, 4], [1, 4, 2, 0, 3], [0, 3, 1, 4, 2], [4, 1, 3, 0, 2], [3, 0, 2, 4, 1], [1, 4, 2, 0, 3], [1, 3, 0, 2, 4], [0, 3, 1, 4, 2], [1, 3, 0, 2, 4], [4, 2, 0, 3, 1], [2, 4, 1, 3, 0]] 
Generation 38 (11) (U.S: 8) -> [[2, 0, 3, 1, 4], [1, 4, 2, 0, 3], [0, 3, 1, 4, 2], [4, 1, 3, 0, 2], [3, 0, 2, 4, 1], [1, 4, 2, 0, 3], [1, 3, 0, 2, 4], [0, 3, 1, 4, 2], [1, 3, 0, 2, 4], [4, 2, 0, 3, 1], [2, 4, 1, 3, 0]] 
Generation 39 (12) (U.S: 9) -> [[2, 0, 3, 1, 4], [1, 4, 2, 0, 3], [0, 3, 1, 4, 2], [4, 1, 3, 0, 2], [3, 0, 2, 4, 1], [1, 4, 2, 0, 3], [3, 1, 4, 2, 0], [1, 3, 0, 2, 4], [0, 3, 1, 4, 2], [1, 3, 0, 2, 4], [4, 2, 0, 3, 1], [2, 4, 1, 3, 0]] 
Generation 40 (12) (U.S: 9) -> [[2, 0, 3, 1, 4], [1, 4, 2, 0, 3], [0, 3, 1, 4, 2], [4, 1, 3, 0, 2], [3, 0, 2, 4, 1], [1, 4, 2, 0, 3], [3, 1, 4, 2, 0], [1, 3, 0, 2, 4], [0, 3, 1, 4, 2], [1, 3, 0, 2, 4], [4, 2, 0, 3, 1], [2, 4, 1, 3, 0]] 
Generation 41 (12) (U.S: 9) -> [[2, 0, 3, 1, 4], [1, 4, 2, 0, 3], [0, 3, 1, 4, 2], [4, 1, 3, 0, 2], [3, 0, 2, 4, 1], [1, 4, 2, 0, 3], [3, 1, 4, 2, 0], [1, 3, 0, 2, 4], [0, 3, 1, 4, 2], [1, 3, 0, 2, 4], [4, 2, 0, 3, 1], [2, 4, 1, 3, 0]] 
Generation 42 (12) (U.S: 9) -> [[2, 0, 3, 1, 4], [1, 4, 2, 0, 3], [0, 3, 1, 4, 2], [4, 1, 3, 0, 2], [3, 0, 2, 4, 1], [1, 4, 2, 0, 3], [3, 1, 4, 2, 0], [1, 3, 0, 2, 4], [0, 3, 1, 4, 2], [1, 3, 0, 2, 4], [4, 2, 0, 3, 1], [2, 4, 1, 3, 0]] 
Generation 43 (13) (U.S: 9) -> [[2, 0, 3, 1, 4], [1, 4, 2, 0, 3], [0, 3, 1, 4, 2], [4, 1, 3, 0, 2], [3, 0, 2, 4, 1], [1, 4, 2, 0, 3], [3, 1, 4, 2, 0], [1, 4, 2, 0, 3], [1, 3, 0, 2, 4], [0, 3, 1, 4, 2], [1, 3, 0, 2, 4], [4, 2, 0, 3, 1], [2, 4, 1, 3, 0]] 
Generation 44 (13) (U.S: 9) -> [[2, 0, 3, 1, 4], [1, 4, 2, 0, 3], [0, 3, 1, 4, 2], [4, 1, 3, 0, 2], [3, 0, 2, 4, 1], [1, 4, 2, 0, 3], [3, 1, 4, 2, 0], [1, 4, 2, 0, 3], [1, 3, 0, 2, 4], [0, 3, 1, 4, 2], [1, 3, 0, 2, 4], [4, 2, 0, 3, 1], [2, 4, 1, 3, 0]] 
Generation 45 (13) (U.S: 9) -> [[2, 0, 3, 1, 4], [1, 4, 2, 0, 3], [0, 3, 1, 4, 2], [4, 1, 3, 0, 2], [3, 0, 2, 4, 1], [1, 4, 2, 0, 3], [3, 1, 4, 2, 0], [1, 4, 2, 0, 3], [1, 3, 0, 2, 4], [0, 3, 1, 4, 2], [1, 3, 0, 2, 4], [4, 2, 0, 3, 1], [2, 4, 1, 3, 0]] 
Generation 46 (13) (U.S: 9) -> [[2, 0, 3, 1, 4], [1, 4, 2, 0, 3], [0, 3, 1, 4, 2], [4, 1, 3, 0, 2], [3, 0, 2, 4, 1], [1, 4, 2, 0, 3], [3, 1, 4, 2, 0], [1, 4, 2, 0, 3], [1, 3, 0, 2, 4], [0, 3, 1, 4, 2], [1, 3, 0, 2, 4], [4, 2, 0, 3, 1], [2, 4, 1, 3, 0]] 
Generation 47 (13) (U.S: 9) -> [[2, 0, 3, 1, 4], [1, 4, 2, 0, 3], [0, 3, 1, 4, 2], [4, 1, 3, 0, 2], [3, 0, 2, 4, 1], [1, 4, 2, 0, 3], [3, 1, 4, 2, 0], [1, 4, 2, 0, 3], [1, 3, 0, 2, 4], [0, 3, 1, 4, 2], [1, 3, 0, 2, 4], [4, 2, 0, 3, 1], [2, 4, 1, 3, 0]] 
Generation 48 (13) (U.S: 9) -> [[2, 0, 3, 1, 4], [1, 4, 2, 0, 3], [0, 3, 1, 4, 2], [4, 1, 3, 0, 2], [3, 0, 2, 4, 1], [1, 4, 2, 0, 3], [3, 1, 4, 2, 0], [1, 4, 2, 0, 3], [1, 3, 0, 2, 4], [0, 3, 1, 4, 2], [1, 3, 0, 2, 4], [4, 2, 0, 3, 1], [2, 4, 1, 3, 0]] 
Generation 49 (13) (U.S: 9) -> [[2, 0, 3, 1, 4], [1, 4, 2, 0, 3], [0, 3, 1, 4, 2], [4, 1, 3, 0, 2], [3, 0, 2, 4, 1], [1, 4, 2, 0, 3], [3, 1, 4, 2, 0], [1, 4, 2, 0, 3], [1, 3, 0, 2, 4], [0, 3, 1, 4, 2], [1, 3, 0, 2, 4], [4, 2, 0, 3, 1], [2, 4, 1, 3, 0]] 
Generation 50 (13) (U.S: 9) -> [[2, 0, 3, 1, 4], [1, 4, 2, 0, 3], [0, 3, 1, 4, 2], [4, 1, 3, 0, 2], [3, 0, 2, 4, 1], [1, 4, 2, 0, 3], [3, 1, 4, 2, 0], [1, 4, 2, 0, 3], [1, 3, 0, 2, 4], [0, 3, 1, 4, 2], [1, 3, 0, 2, 4], [4, 2, 0, 3, 1], [2, 4, 1, 3, 0]] 
Generation 51 (13) (U.S: 9) -> [[2, 0, 3, 1, 4], [1, 4, 2, 0, 3], [0, 3, 1, 4, 2], [4, 1, 3, 0, 2], [3, 0, 2, 4, 1], [1, 4, 2, 0, 3], [3, 1, 4, 2, 0], [1, 4, 2, 0, 3], [1, 3, 0, 2, 4], [0, 3, 1, 4, 2], [1, 3, 0, 2, 4], [4, 2, 0, 3, 1], [2, 4, 1, 3, 0]] 
Generation 52 (13) (U.S: 9) -> [[2, 0, 3, 1, 4], [1, 4, 2, 0, 3], [0, 3, 1, 4, 2], [4, 1, 3, 0, 2], [3, 0, 2, 4, 1], [1, 4, 2, 0, 3], [3, 1, 4, 2, 0], [1, 4, 2, 0, 3], [1, 3, 0, 2, 4], [0, 3, 1, 4, 2], [1, 3, 0, 2, 4], [4, 2, 0, 3, 1], [2, 4, 1, 3, 0]] 
Generation 53 (13) (U.S: 9) -> [[2, 0, 3, 1, 4], [1, 4, 2, 0, 3], [0, 3, 1, 4, 2], [4, 1, 3, 0, 2], [3, 0, 2, 4, 1], [1, 4, 2, 0, 3], [3, 1, 4, 2, 0], [1, 4, 2, 0, 3], [1, 3, 0, 2, 4], [0, 3, 1, 4, 2], [1, 3, 0, 2, 4], [4, 2, 0, 3, 1], [2, 4, 1, 3, 0]] 
Generation 54 (13) (U.S: 9) -> [[2, 0, 3, 1, 4], [1, 4, 2, 0, 3], [0, 3, 1, 4, 2], [4, 1, 3, 0, 2], [3, 0, 2, 4, 1], [1, 4, 2, 0, 3], [3, 1, 4, 2, 0], [1, 4, 2, 0, 3], [1, 3, 0, 2, 4], [0, 3, 1, 4, 2], [1, 3, 0, 2, 4], [4, 2, 0, 3, 1], [2, 4, 1, 3, 0]] 
Generation 55 (13) (U.S: 9) -> [[2, 0, 3, 1, 4], [1, 4, 2, 0, 3], [0, 3, 1, 4, 2], [4, 1, 3, 0, 2], [3, 0, 2, 4, 1], [1, 4, 2, 0, 3], [3, 1, 4, 2, 0], [1, 4, 2, 0, 3], [1, 3, 0, 2, 4], [0, 3, 1, 4, 2], [1, 3, 0, 2, 4], [4, 2, 0, 3, 1], [2, 4, 1, 3, 0]] 
Generation 56 (13) (U.S: 9) -> [[2, 0, 3, 1, 4], [1, 4, 2, 0, 3], [0, 3, 1, 4, 2], [4, 1, 3, 0, 2], [3, 0, 2, 4, 1], [1, 4, 2, 0, 3], [3, 1, 4, 2, 0], [1, 4, 2, 0, 3], [1, 3, 0, 2, 4], [0, 3, 1, 4, 2], [1, 3, 0, 2, 4], [4, 2, 0, 3, 1], [2, 4, 1, 3, 0]] 
Generation 57 (13) (U.S: 9) -> [[2, 0, 3, 1, 4], [1, 4, 2, 0, 3], [0, 3, 1, 4, 2], [4, 1, 3, 0, 2], [3, 0, 2, 4, 1], [1, 4, 2, 0, 3], [3, 1, 4, 2, 0], [1, 4, 2, 0, 3], [1, 3, 0, 2, 4], [0, 3, 1, 4, 2], [1, 3, 0, 2, 4], [4, 2, 0, 3, 1], [2, 4, 1, 3, 0]] 
Generation 58 (13) (U.S: 9) -> [[2, 0, 3, 1, 4], [1, 4, 2, 0, 3], [0, 3, 1, 4, 2], [4, 1, 3, 0, 2], [3, 0, 2, 4, 1], [1, 4, 2, 0, 3], [3, 1, 4, 2, 0], [1, 4, 2, 0, 3], [1, 3, 0, 2, 4], [0, 3, 1, 4, 2], [1, 3, 0, 2, 4], [4, 2, 0, 3, 1], [2, 4, 1, 3, 0]] 
Generation 59 (13) (U.S: 9) -> [[2, 0, 3, 1, 4], [1, 4, 2, 0, 3], [0, 3, 1, 4, 2], [4, 1, 3, 0, 2], [3, 0, 2, 4, 1], [1, 4, 2, 0, 3], [3, 1, 4, 2, 0], [1, 4, 2, 0, 3], [1, 3, 0, 2, 4], [0, 3, 1, 4, 2], [1, 3, 0, 2, 4], [4, 2, 0, 3, 1], [2, 4, 1, 3, 0]] 
Generation 60 (13) (U.S: 9) -> [[2, 0, 3, 1, 4], [1, 4, 2, 0, 3], [0, 3, 1, 4, 2], [4, 1, 3, 0, 2], [3, 0, 2, 4, 1], [1, 4, 2, 0, 3], [3, 1, 4, 2, 0], [1, 4, 2, 0, 3], [1, 3, 0, 2, 4], [0, 3, 1, 4, 2], [1, 3, 0, 2, 4], [4, 2, 0, 3, 1], [2, 4, 1, 3, 0]] 
Generation 61 (13) (U.S: 9) -> [[2, 0, 3, 1, 4], [1, 4, 2, 0, 3], [0, 3, 1, 4, 2], [4, 1, 3, 0, 2], [3, 0, 2, 4, 1], [1, 4, 2, 0, 3], [3, 1, 4, 2, 0], [1, 4, 2, 0, 3], [1, 3, 0, 2, 4], [0, 3, 1, 4, 2], [1, 3, 0, 2, 4], [4, 2, 0, 3, 1], [2, 4, 1, 3, 0]] 
Generation 62 (13) (U.S: 9) -> [[2, 0, 3, 1, 4], [1, 4, 2, 0, 3], [0, 3, 1, 4, 2], [4, 1, 3, 0, 2], [3, 0, 2, 4, 1], [1, 4, 2, 0, 3], [3, 1, 4, 2, 0], [1, 4, 2, 0, 3], [1, 3, 0, 2, 4], [0, 3, 1, 4, 2], [1, 3, 0, 2, 4], [4, 2, 0, 3, 1], [2, 4, 1, 3, 0]] 
Generation 63 (13) (U.S: 9) -> [[2, 0, 3, 1, 4], [1, 4, 2, 0, 3], [0, 3, 1, 4, 2], [4, 1, 3, 0, 2], [3, 0, 2, 4, 1], [1, 4, 2, 0, 3], [3, 1, 4, 2, 0], [1, 4, 2, 0, 3], [1, 3, 0, 2, 4], [0, 3, 1, 4, 2], [1, 3, 0, 2, 4], [4, 2, 0, 3, 1], [2, 4, 1, 3, 0]] 
Generation 64 (13) (U.S: 9) -> [[2, 0, 3, 1, 4], [1, 4, 2, 0, 3], [0, 3, 1, 4, 2], [4, 1, 3, 0, 2], [3, 0, 2, 4, 1], [1, 4, 2, 0, 3], [3, 1, 4, 2, 0], [1, 4, 2, 0, 3], [1, 3, 0, 2, 4], [0, 3, 1, 4, 2], [1, 3, 0, 2, 4], [4, 2, 0, 3, 1], [2, 4, 1, 3, 0]] 
Generation 65 (13) (U.S: 9) -> [[2, 0, 3, 1, 4], [1, 4, 2, 0, 3], [0, 3, 1, 4, 2], [4, 1, 3, 0, 2], [3, 0, 2, 4, 1], [1, 4, 2, 0, 3], [3, 1, 4, 2, 0], [1, 4, 2, 0, 3], [1, 3, 0, 2, 4], [0, 3, 1, 4, 2], [1, 3, 0, 2, 4], [4, 2, 0, 3, 1], [2, 4, 1, 3, 0]] 
Generation 66 (13) (U.S: 9) -> [[2, 0, 3, 1, 4], [1, 4, 2, 0, 3], [0, 3, 1, 4, 2], [4, 1, 3, 0, 2], [3, 0, 2, 4, 1], [1, 4, 2, 0, 3], [3, 1, 4, 2, 0], [1, 4, 2, 0, 3], [1, 3, 0, 2, 4], [0, 3, 1, 4, 2], [1, 3, 0, 2, 4], [4, 2, 0, 3, 1], [2, 4, 1, 3, 0]] 
Generation 67 (13) (U.S: 9) -> [[2, 0, 3, 1, 4], [1, 4, 2, 0, 3], [0, 3, 1, 4, 2], [4, 1, 3, 0, 2], [3, 0, 2, 4, 1], [1, 4, 2, 0, 3], [3, 1, 4, 2, 0], [1, 4, 2, 0, 3], [1, 3, 0, 2, 4], [0, 3, 1, 4, 2], [1, 3, 0, 2, 4], [4, 2, 0, 3, 1], [2, 4, 1, 3, 0]] 
Generation 68 (13) (U.S: 9) -> [[2, 0, 3, 1, 4], [1, 4, 2, 0, 3], [0, 3, 1, 4, 2], [4, 1, 3, 0, 2], [3, 0, 2, 4, 1], [1, 4, 2, 0, 3], [3, 1, 4, 2, 0], [1, 4, 2, 0, 3], [1, 3, 0, 2, 4], [0, 3, 1, 4, 2], [1, 3, 0, 2, 4], [4, 2, 0, 3, 1], [2, 4, 1, 3, 0]] 
Generation 69 (13) (U.S: 9) -> [[2, 0, 3, 1, 4], [1, 4, 2, 0, 3], [0, 3, 1, 4, 2], [4, 1, 3, 0, 2], [3, 0, 2, 4, 1], [1, 4, 2, 0, 3], [3, 1, 4, 2, 0], [1, 4, 2, 0, 3], [1, 3, 0, 2, 4], [0, 3, 1, 4, 2], [1, 3, 0, 2, 4], [4, 2, 0, 3, 1], [2, 4, 1, 3, 0]] 
Generation 70 (13) (U.S: 9) -> [[2, 0, 3, 1, 4], [1, 4, 2, 0, 3], [0, 3, 1, 4, 2], [4, 1, 3, 0, 2], [3, 0, 2, 4, 1], [1, 4, 2, 0, 3], [3, 1, 4, 2, 0], [1, 4, 2, 0, 3], [1, 3, 0, 2, 4], [0, 3, 1, 4, 2], [1, 3, 0, 2, 4], [4, 2, 0, 3, 1], [2, 4, 1, 3, 0]] 
Generation 71 (13) (U.S: 9) -> [[2, 0, 3, 1, 4], [1, 4, 2, 0, 3], [0, 3, 1, 4, 2], [4, 1, 3, 0, 2], [3, 0, 2, 4, 1], [1, 4, 2, 0, 3], [3, 1, 4, 2, 0], [1, 4, 2, 0, 3], [1, 3, 0, 2, 4], [0, 3, 1, 4, 2], [1, 3, 0, 2, 4], [4, 2, 0, 3, 1], [2, 4, 1, 3, 0]] 
Generation 72 (13) (U.S: 9) -> [[2, 0, 3, 1, 4], [1, 4, 2, 0, 3], [0, 3, 1, 4, 2], [4, 1, 3, 0, 2], [3, 0, 2, 4, 1], [1, 4, 2, 0, 3], [3, 1, 4, 2, 0], [1, 4, 2, 0, 3], [1, 3, 0, 2, 4], [0, 3, 1, 4, 2], [1, 3, 0, 2, 4], [4, 2, 0, 3, 1], [2, 4, 1, 3, 0]] 
Generation 73 (13) (U.S: 9) -> [[2, 0, 3, 1, 4], [1, 4, 2, 0, 3], [0, 3, 1, 4, 2], [4, 1, 3, 0, 2], [3, 0, 2, 4, 1], [1, 4, 2, 0, 3], [3, 1, 4, 2, 0], [1, 4, 2, 0, 3], [1, 3, 0, 2, 4], [0, 3, 1, 4, 2], [1, 3, 0, 2, 4], [4, 2, 0, 3, 1], [2, 4, 1, 3, 0]] 
Generation 74 (13) (U.S: 9) -> [[2, 0, 3, 1, 4], [1, 4, 2, 0, 3], [0, 3, 1, 4, 2], [4, 1, 3, 0, 2], [3, 0, 2, 4, 1], [1, 4, 2, 0, 3], [3, 1, 4, 2, 0], [1, 4, 2, 0, 3], [1, 3, 0, 2, 4], [0, 3, 1, 4, 2], [1, 3, 0, 2, 4], [4, 2, 0, 3, 1], [2, 4, 1, 3, 0]] 
Generation 75 (13) (U.S: 9) -> [[2, 0, 3, 1, 4], [1, 4, 2, 0, 3], [0, 3, 1, 4, 2], [4, 1, 3, 0, 2], [3, 0, 2, 4, 1], [1, 4, 2, 0, 3], [3, 1, 4, 2, 0], [1, 4, 2, 0, 3], [1, 3, 0, 2, 4], [0, 3, 1, 4, 2], [1, 3, 0, 2, 4], [4, 2, 0, 3, 1], [2, 4, 1, 3, 0]] 
Generation 76 (13) (U.S: 9) -> [[2, 0, 3, 1, 4], [1, 4, 2, 0, 3], [0, 3, 1, 4, 2], [4, 1, 3, 0, 2], [3, 0, 2, 4, 1], [1, 4, 2, 0, 3], [3, 1, 4, 2, 0], [1, 4, 2, 0, 3], [1, 3, 0, 2, 4], [0, 3, 1, 4, 2], [1, 3, 0, 2, 4], [4, 2, 0, 3, 1], [2, 4, 1, 3, 0]] 
Generation 77 (13) (U.S: 9) -> [[2, 0, 3, 1, 4], [1, 4, 2, 0, 3], [0, 3, 1, 4, 2], [4, 1, 3, 0, 2], [3, 0, 2, 4, 1], [1, 4, 2, 0, 3], [3, 1, 4, 2, 0], [1, 4, 2, 0, 3], [1, 3, 0, 2, 4], [0, 3, 1, 4, 2], [1, 3, 0, 2, 4], [4, 2, 0, 3, 1], [2, 4, 1, 3, 0]] 
Generation 78 (13) (U.S: 9) -> [[2, 0, 3, 1, 4], [1, 4, 2, 0, 3], [0, 3, 1, 4, 2], [4, 1, 3, 0, 2], [3, 0, 2, 4, 1], [1, 4, 2, 0, 3], [3, 1, 4, 2, 0], [1, 4, 2, 0, 3], [1, 3, 0, 2, 4], [0, 3, 1, 4, 2], [1, 3, 0, 2, 4], [4, 2, 0, 3, 1], [2, 4, 1, 3, 0]] 
Generation 79 (13) (U.S: 9) -> [[2, 0, 3, 1, 4], [1, 4, 2, 0, 3], [0, 3, 1, 4, 2], [4, 1, 3, 0, 2], [3, 0, 2, 4, 1], [1, 4, 2, 0, 3], [3, 1, 4, 2, 0], [1, 4, 2, 0, 3], [1, 3, 0, 2, 4], [0, 3, 1, 4, 2], [1, 3, 0, 2, 4], [4, 2, 0, 3, 1], [2, 4, 1, 3, 0]] 
Generation 80 (13) (U.S: 9) -> [[2, 0, 3, 1, 4], [1, 4, 2, 0, 3], [0, 3, 1, 4, 2], [4, 1, 3, 0, 2], [3, 0, 2, 4, 1], [1, 4, 2, 0, 3], [3, 1, 4, 2, 0], [1, 4, 2, 0, 3], [1, 3, 0, 2, 4], [0, 3, 1, 4, 2], [1, 3, 0, 2, 4], [4, 2, 0, 3, 1], [2, 4, 1, 3, 0]] 
Generation 81 (13) (U.S: 9) -> [[2, 0, 3, 1, 4], [1, 4, 2, 0, 3], [0, 3, 1, 4, 2], [4, 1, 3, 0, 2], [3, 0, 2, 4, 1], [1, 4, 2, 0, 3], [3, 1, 4, 2, 0], [1, 4, 2, 0, 3], [1, 3, 0, 2, 4], [0, 3, 1, 4, 2], [1, 3, 0, 2, 4], [4, 2, 0, 3, 1], [2, 4, 1, 3, 0]] 
Generation 82 (13) (U.S: 9) -> [[2, 0, 3, 1, 4], [1, 4, 2, 0, 3], [0, 3, 1, 4, 2], [4, 1, 3, 0, 2], [3, 0, 2, 4, 1], [1, 4, 2, 0, 3], [3, 1, 4, 2, 0], [1, 4, 2, 0, 3], [1, 3, 0, 2, 4], [0, 3, 1, 4, 2], [1, 3, 0, 2, 4], [4, 2, 0, 3, 1], [2, 4, 1, 3, 0]] 
Generation 83 (13) (U.S: 9) -> [[2, 0, 3, 1, 4], [1, 4, 2, 0, 3], [0, 3, 1, 4, 2], [4, 1, 3, 0, 2], [3, 0, 2, 4, 1], [1, 4, 2, 0, 3], [3, 1, 4, 2, 0], [1, 4, 2, 0, 3], [1, 3, 0, 2, 4], [0, 3, 1, 4, 2], [1, 3, 0, 2, 4], [4, 2, 0, 3, 1], [2, 4, 1, 3, 0]] 
Generation 84 (13) (U.S: 9) -> [[2, 0, 3, 1, 4], [1, 4, 2, 0, 3], [0, 3, 1, 4, 2], [4, 1, 3, 0, 2], [3, 0, 2, 4, 1], [1, 4, 2, 0, 3], [3, 1, 4, 2, 0], [1, 4, 2, 0, 3], [1, 3, 0, 2, 4], [0, 3, 1, 4, 2], [1, 3, 0, 2, 4], [4, 2, 0, 3, 1], [2, 4, 1, 3, 0]] 
Generation 85 (13) (U.S: 9) -> [[2, 0, 3, 1, 4], [1, 4, 2, 0, 3], [0, 3, 1, 4, 2], [4, 1, 3, 0, 2], [3, 0, 2, 4, 1], [1, 4, 2, 0, 3], [3, 1, 4, 2, 0], [1, 4, 2, 0, 3], [1, 3, 0, 2, 4], [0, 3, 1, 4, 2], [1, 3, 0, 2, 4], [4, 2, 0, 3, 1], [2, 4, 1, 3, 0]] 
Generation 86 (13) (U.S: 9) -> [[2, 0, 3, 1, 4], [1, 4, 2, 0, 3], [0, 3, 1, 4, 2], [4, 1, 3, 0, 2], [3, 0, 2, 4, 1], [1, 4, 2, 0, 3], [3, 1, 4, 2, 0], [1, 4, 2, 0, 3], [1, 3, 0, 2, 4], [0, 3, 1, 4, 2], [1, 3, 0, 2, 4], [4, 2, 0, 3, 1], [2, 4, 1, 3, 0]] 
Generation 87 (13) (U.S: 9) -> [[2, 0, 3, 1, 4], [1, 4, 2, 0, 3], [0, 3, 1, 4, 2], [4, 1, 3, 0, 2], [3, 0, 2, 4, 1], [1, 4, 2, 0, 3], [3, 1, 4, 2, 0], [1, 4, 2, 0, 3], [1, 3, 0, 2, 4], [0, 3, 1, 4, 2], [1, 3, 0, 2, 4], [4, 2, 0, 3, 1], [2, 4, 1, 3, 0]] 
Generation 88 (13) (U.S: 9) -> [[2, 0, 3, 1, 4], [1, 4, 2, 0, 3], [0, 3, 1, 4, 2], [4, 1, 3, 0, 2], [3, 0, 2, 4, 1], [1, 4, 2, 0, 3], [3, 1, 4, 2, 0], [1, 4, 2, 0, 3], [1, 3, 0, 2, 4], [0, 3, 1, 4, 2], [1, 3, 0, 2, 4], [4, 2, 0, 3, 1], [2, 4, 1, 3, 0]] 
Generation 89 (13) (U.S: 9) -> [[2, 0, 3, 1, 4], [1, 4, 2, 0, 3], [0, 3, 1, 4, 2], [4, 1, 3, 0, 2], [3, 0, 2, 4, 1], [1, 4, 2, 0, 3], [3, 1, 4, 2, 0], [1, 4, 2, 0, 3], [1, 3, 0, 2, 4], [0, 3, 1, 4, 2], [1, 3, 0, 2, 4], [4, 2, 0, 3, 1], [2, 4, 1, 3, 0]] 
Generation 90 (13) (U.S: 9) -> [[2, 0, 3, 1, 4], [1, 4, 2, 0, 3], [0, 3, 1, 4, 2], [4, 1, 3, 0, 2], [3, 0, 2, 4, 1], [1, 4, 2, 0, 3], [3, 1, 4, 2, 0], [1, 4, 2, 0, 3], [1, 3, 0, 2, 4], [0, 3, 1, 4, 2], [1, 3, 0, 2, 4], [4, 2, 0, 3, 1], [2, 4, 1, 3, 0]] 
Generation 91 (13) (U.S: 9) -> [[2, 0, 3, 1, 4], [1, 4, 2, 0, 3], [0, 3, 1, 4, 2], [4, 1, 3, 0, 2], [3, 0, 2, 4, 1], [1, 4, 2, 0, 3], [3, 1, 4, 2, 0], [1, 4, 2, 0, 3], [1, 3, 0, 2, 4], [0, 3, 1, 4, 2], [1, 3, 0, 2, 4], [4, 2, 0, 3, 1], [2, 4, 1, 3, 0]] 
Generation 92 (13) (U.S: 9) -> [[2, 0, 3, 1, 4], [1, 4, 2, 0, 3], [0, 3, 1, 4, 2], [4, 1, 3, 0, 2], [3, 0, 2, 4, 1], [1, 4, 2, 0, 3], [3, 1, 4, 2, 0], [1, 4, 2, 0, 3], [1, 3, 0, 2, 4], [0, 3, 1, 4, 2], [1, 3, 0, 2, 4], [4, 2, 0, 3, 1], [2, 4, 1, 3, 0]] 
Generation 93 (13) (U.S: 9) -> [[2, 0, 3, 1, 4], [1, 4, 2, 0, 3], [0, 3, 1, 4, 2], [4, 1, 3, 0, 2], [3, 0, 2, 4, 1], [1, 4, 2, 0, 3], [3, 1, 4, 2, 0], [1, 4, 2, 0, 3], [1, 3, 0, 2, 4], [0, 3, 1, 4, 2], [1, 3, 0, 2, 4], [4, 2, 0, 3, 1], [2, 4, 1, 3, 0]] 
Generation 94 (13) (U.S: 9) -> [[2, 0, 3, 1, 4], [1, 4, 2, 0, 3], [0, 3, 1, 4, 2], [4, 1, 3, 0, 2], [3, 0, 2, 4, 1], [1, 4, 2, 0, 3], [3, 1, 4, 2, 0], [1, 4, 2, 0, 3], [1, 3, 0, 2, 4], [0, 3, 1, 4, 2], [1, 3, 0, 2, 4], [4, 2, 0, 3, 1], [2, 4, 1, 3, 0]] 
Generation 95 (13) (U.S: 9) -> [[2, 0, 3, 1, 4], [1, 4, 2, 0, 3], [0, 3, 1, 4, 2], [4, 1, 3, 0, 2], [3, 0, 2, 4, 1], [1, 4, 2, 0, 3], [3, 1, 4, 2, 0], [1, 4, 2, 0, 3], [1, 3, 0, 2, 4], [0, 3, 1, 4, 2], [1, 3, 0, 2, 4], [4, 2, 0, 3, 1], [2, 4, 1, 3, 0]] 
Generation 96 (13) (U.S: 9) -> [[2, 0, 3, 1, 4], [1, 4, 2, 0, 3], [0, 3, 1, 4, 2], [4, 1, 3, 0, 2], [3, 0, 2, 4, 1], [1, 4, 2, 0, 3], [3, 1, 4, 2, 0], [1, 4, 2, 0, 3], [1, 3, 0, 2, 4], [0, 3, 1, 4, 2], [1, 3, 0, 2, 4], [4, 2, 0, 3, 1], [2, 4, 1, 3, 0]] 
Generation 97 (13) (U.S: 9) -> [[2, 0, 3, 1, 4], [1, 4, 2, 0, 3], [0, 3, 1, 4, 2], [4, 1, 3, 0, 2], [3, 0, 2, 4, 1], [1, 4, 2, 0, 3], [3, 1, 4, 2, 0], [1, 4, 2, 0, 3], [1, 3, 0, 2, 4], [0, 3, 1, 4, 2], [1, 3, 0, 2, 4], [4, 2, 0, 3, 1], [2, 4, 1, 3, 0]] 
Generation 98 (13) (U.S: 9) -> [[2, 0, 3, 1, 4], [1, 4, 2, 0, 3], [0, 3, 1, 4, 2], [4, 1, 3, 0, 2], [3, 0, 2, 4, 1], [1, 4, 2, 0, 3], [3, 1, 4, 2, 0], [1, 4, 2, 0, 3], [1, 3, 0, 2, 4], [0, 3, 1, 4, 2], [1, 3, 0, 2, 4], [4, 2, 0, 3, 1], [2, 4, 1, 3, 0]] 
Generation 99 (13) (U.S: 9) -> [[2, 0, 3, 1, 4], [1, 4, 2, 0, 3], [0, 3, 1, 4, 2], [4, 1, 3, 0, 2], [3, 0, 2, 4, 1], [1, 4, 2, 0, 3], [3, 1, 4, 2, 0], [1, 4, 2, 0, 3], [1, 3, 0, 2, 4], [0, 3, 1, 4, 2], [1, 3, 0, 2, 4], [4, 2, 0, 3, 1], [2, 4, 1, 3, 0]] 
Generation 100 (13) (U.S: 9) -> [[2, 0, 3, 1, 4], [1, 4, 2, 0, 3], [0, 3, 1, 4, 2], [4, 1, 3, 0, 2], [3, 0, 2, 4, 1], [1, 4, 2, 0, 3], [3, 1, 4, 2, 0], [1, 4, 2, 0, 3], [1, 3, 0, 2, 4], [0, 3, 1, 4, 2], [1, 3, 0, 2, 4], [4, 2, 0, 3, 1], [2, 4, 1, 3, 0]] 
------------------------------------ 
The 9 solutions found are: 
2
0
3
1
4
1
4
2
0
3
0
3
1
4
2
4
1
3
0
2
3
0
2
4
1
3
1
4
2
0
1
3
0
2
4
4
2
0
3
1
2
4
1
3
0
