Objective Function: Diversity 
lengthPopulation: 100 
lengthChromosome: 5 
lengthMatingPool: 80 
generations:  100 
------------------------------------ 
Selection Method: Tournament 
Reproduction Method: Mutation 
Replacement Selection Method: Weakest Replacement 

Results: 
Generation 1 (9) (U.S: 7) -> [[2, 4, 1, 3, 0], [4, 2, 0, 3, 1], [2, 4, 1, 3, 0], [2, 0, 3, 1, 4], [3, 1, 4, 2, 0], [3, 0, 2, 4, 1], [4, 1, 3, 0, 2], [2, 4, 1, 3, 0], [1, 3, 0, 2, 4]] 
Generation 2 (9) (U.S: 7) -> [[2, 4, 1, 3, 0], [4, 2, 0, 3, 1], [2, 4, 1, 3, 0], [2, 0, 3, 1, 4], [3, 1, 4, 2, 0], [3, 0, 2, 4, 1], [4, 1, 3, 0, 2], [2, 4, 1, 3, 0], [1, 3, 0, 2, 4]] 
Generation 3 (9) (U.S: 7) -> [[2, 4, 1, 3, 0], [4, 2, 0, 3, 1], [2, 4, 1, 3, 0], [2, 0, 3, 1, 4], [3, 1, 4, 2, 0], [3, 0, 2, 4, 1], [4, 1, 3, 0, 2], [2, 4, 1, 3, 0], [1, 3, 0, 2, 4]] 
Generation 4 (10) (U.S: 7) -> [[2, 4, 1, 3, 0], [2, 4, 1, 3, 0], [4, 2, 0, 3, 1], [2, 4, 1, 3, 0], [2, 0, 3, 1, 4], [3, 1, 4, 2, 0], [3, 0, 2, 4, 1], [4, 1, 3, 0, 2], [2, 4, 1, 3, 0], [1, 3, 0, 2, 4]] 
Generation 5 (10) (U.S: 7) -> [[2, 4, 1, 3, 0], [2, 4, 1, 3, 0], [4, 2, 0, 3, 1], [2, 4, 1, 3, 0], [2, 0, 3, 1, 4], [3, 1, 4, 2, 0], [3, 0, 2, 4, 1], [4, 1, 3, 0, 2], [2, 4, 1, 3, 0], [1, 3, 0, 2, 4]] 
Generation 6 (10) (U.S: 7) -> [[2, 4, 1, 3, 0], [2, 4, 1, 3, 0], [4, 2, 0, 3, 1], [2, 4, 1, 3, 0], [2, 0, 3, 1, 4], [3, 1, 4, 2, 0], [3, 0, 2, 4, 1], [4, 1, 3, 0, 2], [2, 4, 1, 3, 0], [1, 3, 0, 2, 4]] 
Generation 7 (10) (U.S: 7) -> [[2, 4, 1, 3, 0], [2, 4, 1, 3, 0], [4, 2, 0, 3, 1], [2, 4, 1, 3, 0], [2, 0, 3, 1, 4], [3, 1, 4, 2, 0], [3, 0, 2, 4, 1], [4, 1, 3, 0, 2], [2, 4, 1, 3, 0], [1, 3, 0, 2, 4]] 
Generation 8 (10) (U.S: 7) -> [[2, 4, 1, 3, 0], [2, 4, 1, 3, 0], [4, 2, 0, 3, 1], [2, 4, 1, 3, 0], [2, 0, 3, 1, 4], [3, 1, 4, 2, 0], [3, 0, 2, 4, 1], [4, 1, 3, 0, 2], [2, 4, 1, 3, 0], [1, 3, 0, 2, 4]] 
Generation 9 (10) (U.S: 7) -> [[2, 4, 1, 3, 0], [2, 4, 1, 3, 0], [4, 2, 0, 3, 1], [2, 4, 1, 3, 0], [2, 0, 3, 1, 4], [3, 1, 4, 2, 0], [3, 0, 2, 4, 1], [4, 1, 3, 0, 2], [2, 4, 1, 3, 0], [1, 3, 0, 2, 4]] 
Generation 10 (10) (U.S: 7) -> [[2, 4, 1, 3, 0], [2, 4, 1, 3, 0], [4, 2, 0, 3, 1], [2, 4, 1, 3, 0], [2, 0, 3, 1, 4], [3, 1, 4, 2, 0], [3, 0, 2, 4, 1], [4, 1, 3, 0, 2], [2, 4, 1, 3, 0], [1, 3, 0, 2, 4]] 
Generation 11 (10) (U.S: 7) -> [[2, 4, 1, 3, 0], [2, 4, 1, 3, 0], [4, 2, 0, 3, 1], [2, 4, 1, 3, 0], [2, 0, 3, 1, 4], [3, 1, 4, 2, 0], [3, 0, 2, 4, 1], [4, 1, 3, 0, 2], [2, 4, 1, 3, 0], [1, 3, 0, 2, 4]] 
Generation 12 (10) (U.S: 7) -> [[2, 4, 1, 3, 0], [2, 4, 1, 3, 0], [4, 2, 0, 3, 1], [2, 4, 1, 3, 0], [2, 0, 3, 1, 4], [3, 1, 4, 2, 0], [3, 0, 2, 4, 1], [4, 1, 3, 0, 2], [2, 4, 1, 3, 0], [1, 3, 0, 2, 4]] 
Generation 13 (10) (U.S: 7) -> [[2, 4, 1, 3, 0], [2, 4, 1, 3, 0], [4, 2, 0, 3, 1], [2, 4, 1, 3, 0], [2, 0, 3, 1, 4], [3, 1, 4, 2, 0], [3, 0, 2, 4, 1], [4, 1, 3, 0, 2], [2, 4, 1, 3, 0], [1, 3, 0, 2, 4]] 
Generation 14 (10) (U.S: 7) -> [[2, 4, 1, 3, 0], [2, 4, 1, 3, 0], [4, 2, 0, 3, 1], [2, 4, 1, 3, 0], [2, 0, 3, 1, 4], [3, 1, 4, 2, 0], [3, 0, 2, 4, 1], [4, 1, 3, 0, 2], [2, 4, 1, 3, 0], [1, 3, 0, 2, 4]] 
Generation 15 (10) (U.S: 7) -> [[2, 4, 1, 3, 0], [2, 4, 1, 3, 0], [4, 2, 0, 3, 1], [2, 4, 1, 3, 0], [2, 0, 3, 1, 4], [3, 1, 4, 2, 0], [3, 0, 2, 4, 1], [4, 1, 3, 0, 2], [2, 4, 1, 3, 0], [1, 3, 0, 2, 4]] 
Generation 16 (10) (U.S: 7) -> [[2, 4, 1, 3, 0], [2, 4, 1, 3, 0], [4, 2, 0, 3, 1], [2, 4, 1, 3, 0], [2, 0, 3, 1, 4], [3, 1, 4, 2, 0], [3, 0, 2, 4, 1], [4, 1, 3, 0, 2], [2, 4, 1, 3, 0], [1, 3, 0, 2, 4]] 
Generation 17 (10) (U.S: 7) -> [[2, 4, 1, 3, 0], [2, 4, 1, 3, 0], [4, 2, 0, 3, 1], [2, 4, 1, 3, 0], [2, 0, 3, 1, 4], [3, 1, 4, 2, 0], [3, 0, 2, 4, 1], [4, 1, 3, 0, 2], [2, 4, 1, 3, 0], [1, 3, 0, 2, 4]] 
Generation 18 (10) (U.S: 7) -> [[2, 4, 1, 3, 0], [2, 4, 1, 3, 0], [4, 2, 0, 3, 1], [2, 4, 1, 3, 0], [2, 0, 3, 1, 4], [3, 1, 4, 2, 0], [3, 0, 2, 4, 1], [4, 1, 3, 0, 2], [2, 4, 1, 3, 0], [1, 3, 0, 2, 4]] 
Generation 19 (10) (U.S: 7) -> [[2, 4, 1, 3, 0], [2, 4, 1, 3, 0], [4, 2, 0, 3, 1], [2, 4, 1, 3, 0], [2, 0, 3, 1, 4], [3, 1, 4, 2, 0], [3, 0, 2, 4, 1], [4, 1, 3, 0, 2], [2, 4, 1, 3, 0], [1, 3, 0, 2, 4]] 
Generation 20 (10) (U.S: 7) -> [[2, 4, 1, 3, 0], [2, 4, 1, 3, 0], [4, 2, 0, 3, 1], [2, 4, 1, 3, 0], [2, 0, 3, 1, 4], [3, 1, 4, 2, 0], [3, 0, 2, 4, 1], [4, 1, 3, 0, 2], [2, 4, 1, 3, 0], [1, 3, 0, 2, 4]] 
Generation 21 (10) (U.S: 7) -> [[2, 4, 1, 3, 0], [2, 4, 1, 3, 0], [4, 2, 0, 3, 1], [2, 4, 1, 3, 0], [2, 0, 3, 1, 4], [3, 1, 4, 2, 0], [3, 0, 2, 4, 1], [4, 1, 3, 0, 2], [2, 4, 1, 3, 0], [1, 3, 0, 2, 4]] 
Generation 22 (10) (U.S: 7) -> [[2, 4, 1, 3, 0], [2, 4, 1, 3, 0], [4, 2, 0, 3, 1], [2, 4, 1, 3, 0], [2, 0, 3, 1, 4], [3, 1, 4, 2, 0], [3, 0, 2, 4, 1], [4, 1, 3, 0, 2], [2, 4, 1, 3, 0], [1, 3, 0, 2, 4]] 
Generation 23 (10) (U.S: 7) -> [[2, 4, 1, 3, 0], [2, 4, 1, 3, 0], [4, 2, 0, 3, 1], [2, 4, 1, 3, 0], [2, 0, 3, 1, 4], [3, 1, 4, 2, 0], [3, 0, 2, 4, 1], [4, 1, 3, 0, 2], [2, 4, 1, 3, 0], [1, 3, 0, 2, 4]] 
Generation 24 (10) (U.S: 7) -> [[2, 4, 1, 3, 0], [2, 4, 1, 3, 0], [4, 2, 0, 3, 1], [2, 4, 1, 3, 0], [2, 0, 3, 1, 4], [3, 1, 4, 2, 0], [3, 0, 2, 4, 1], [4, 1, 3, 0, 2], [2, 4, 1, 3, 0], [1, 3, 0, 2, 4]] 
Generation 25 (10) (U.S: 7) -> [[2, 4, 1, 3, 0], [2, 4, 1, 3, 0], [4, 2, 0, 3, 1], [2, 4, 1, 3, 0], [2, 0, 3, 1, 4], [3, 1, 4, 2, 0], [3, 0, 2, 4, 1], [4, 1, 3, 0, 2], [2, 4, 1, 3, 0], [1, 3, 0, 2, 4]] 
Generation 26 (10) (U.S: 7) -> [[2, 4, 1, 3, 0], [2, 4, 1, 3, 0], [4, 2, 0, 3, 1], [2, 4, 1, 3, 0], [2, 0, 3, 1, 4], [3, 1, 4, 2, 0], [3, 0, 2, 4, 1], [4, 1, 3, 0, 2], [2, 4, 1, 3, 0], [1, 3, 0, 2, 4]] 
Generation 27 (10) (U.S: 7) -> [[2, 4, 1, 3, 0], [2, 4, 1, 3, 0], [4, 2, 0, 3, 1], [2, 4, 1, 3, 0], [2, 0, 3, 1, 4], [3, 1, 4, 2, 0], [3, 0, 2, 4, 1], [4, 1, 3, 0, 2], [2, 4, 1, 3, 0], [1, 3, 0, 2, 4]] 
Generation 28 (10) (U.S: 7) -> [[2, 4, 1, 3, 0], [2, 4, 1, 3, 0], [4, 2, 0, 3, 1], [2, 4, 1, 3, 0], [2, 0, 3, 1, 4], [3, 1, 4, 2, 0], [3, 0, 2, 4, 1], [4, 1, 3, 0, 2], [2, 4, 1, 3, 0], [1, 3, 0, 2, 4]] 
Generation 29 (10) (U.S: 7) -> [[2, 4, 1, 3, 0], [2, 4, 1, 3, 0], [4, 2, 0, 3, 1], [2, 4, 1, 3, 0], [2, 0, 3, 1, 4], [3, 1, 4, 2, 0], [3, 0, 2, 4, 1], [4, 1, 3, 0, 2], [2, 4, 1, 3, 0], [1, 3, 0, 2, 4]] 
Generation 30 (10) (U.S: 7) -> [[2, 4, 1, 3, 0], [2, 4, 1, 3, 0], [4, 2, 0, 3, 1], [2, 4, 1, 3, 0], [2, 0, 3, 1, 4], [3, 1, 4, 2, 0], [3, 0, 2, 4, 1], [4, 1, 3, 0, 2], [2, 4, 1, 3, 0], [1, 3, 0, 2, 4]] 
Generation 31 (10) (U.S: 7) -> [[2, 4, 1, 3, 0], [2, 4, 1, 3, 0], [4, 2, 0, 3, 1], [2, 4, 1, 3, 0], [2, 0, 3, 1, 4], [3, 1, 4, 2, 0], [3, 0, 2, 4, 1], [4, 1, 3, 0, 2], [2, 4, 1, 3, 0], [1, 3, 0, 2, 4]] 
Generation 32 (10) (U.S: 7) -> [[2, 4, 1, 3, 0], [2, 4, 1, 3, 0], [4, 2, 0, 3, 1], [2, 4, 1, 3, 0], [2, 0, 3, 1, 4], [3, 1, 4, 2, 0], [3, 0, 2, 4, 1], [4, 1, 3, 0, 2], [2, 4, 1, 3, 0], [1, 3, 0, 2, 4]] 
Generation 33 (10) (U.S: 7) -> [[2, 4, 1, 3, 0], [2, 4, 1, 3, 0], [4, 2, 0, 3, 1], [2, 4, 1, 3, 0], [2, 0, 3, 1, 4], [3, 1, 4, 2, 0], [3, 0, 2, 4, 1], [4, 1, 3, 0, 2], [2, 4, 1, 3, 0], [1, 3, 0, 2, 4]] 
Generation 34 (10) (U.S: 7) -> [[2, 4, 1, 3, 0], [2, 4, 1, 3, 0], [4, 2, 0, 3, 1], [2, 4, 1, 3, 0], [2, 0, 3, 1, 4], [3, 1, 4, 2, 0], [3, 0, 2, 4, 1], [4, 1, 3, 0, 2], [2, 4, 1, 3, 0], [1, 3, 0, 2, 4]] 
Generation 35 (10) (U.S: 7) -> [[2, 4, 1, 3, 0], [2, 4, 1, 3, 0], [4, 2, 0, 3, 1], [2, 4, 1, 3, 0], [2, 0, 3, 1, 4], [3, 1, 4, 2, 0], [3, 0, 2, 4, 1], [4, 1, 3, 0, 2], [2, 4, 1, 3, 0], [1, 3, 0, 2, 4]] 
Generation 36 (10) (U.S: 7) -> [[2, 4, 1, 3, 0], [2, 4, 1, 3, 0], [4, 2, 0, 3, 1], [2, 4, 1, 3, 0], [2, 0, 3, 1, 4], [3, 1, 4, 2, 0], [3, 0, 2, 4, 1], [4, 1, 3, 0, 2], [2, 4, 1, 3, 0], [1, 3, 0, 2, 4]] 
Generation 37 (10) (U.S: 7) -> [[2, 4, 1, 3, 0], [2, 4, 1, 3, 0], [4, 2, 0, 3, 1], [2, 4, 1, 3, 0], [2, 0, 3, 1, 4], [3, 1, 4, 2, 0], [3, 0, 2, 4, 1], [4, 1, 3, 0, 2], [2, 4, 1, 3, 0], [1, 3, 0, 2, 4]] 
Generation 38 (10) (U.S: 7) -> [[2, 4, 1, 3, 0], [2, 4, 1, 3, 0], [4, 2, 0, 3, 1], [2, 4, 1, 3, 0], [2, 0, 3, 1, 4], [3, 1, 4, 2, 0], [3, 0, 2, 4, 1], [4, 1, 3, 0, 2], [2, 4, 1, 3, 0], [1, 3, 0, 2, 4]] 
Generation 39 (10) (U.S: 7) -> [[2, 4, 1, 3, 0], [2, 4, 1, 3, 0], [4, 2, 0, 3, 1], [2, 4, 1, 3, 0], [2, 0, 3, 1, 4], [3, 1, 4, 2, 0], [3, 0, 2, 4, 1], [4, 1, 3, 0, 2], [2, 4, 1, 3, 0], [1, 3, 0, 2, 4]] 
Generation 40 (10) (U.S: 7) -> [[2, 4, 1, 3, 0], [2, 4, 1, 3, 0], [4, 2, 0, 3, 1], [2, 4, 1, 3, 0], [2, 0, 3, 1, 4], [3, 1, 4, 2, 0], [3, 0, 2, 4, 1], [4, 1, 3, 0, 2], [2, 4, 1, 3, 0], [1, 3, 0, 2, 4]] 
Generation 41 (11) (U.S: 8) -> [[2, 4, 1, 3, 0], [1, 4, 2, 0, 3], [2, 4, 1, 3, 0], [4, 2, 0, 3, 1], [2, 4, 1, 3, 0], [2, 0, 3, 1, 4], [3, 1, 4, 2, 0], [3, 0, 2, 4, 1], [4, 1, 3, 0, 2], [2, 4, 1, 3, 0], [1, 3, 0, 2, 4]] 
Generation 42 (11) (U.S: 8) -> [[2, 4, 1, 3, 0], [1, 4, 2, 0, 3], [2, 4, 1, 3, 0], [4, 2, 0, 3, 1], [2, 4, 1, 3, 0], [2, 0, 3, 1, 4], [3, 1, 4, 2, 0], [3, 0, 2, 4, 1], [4, 1, 3, 0, 2], [2, 4, 1, 3, 0], [1, 3, 0, 2, 4]] 
Generation 43 (11) (U.S: 8) -> [[2, 4, 1, 3, 0], [1, 4, 2, 0, 3], [2, 4, 1, 3, 0], [4, 2, 0, 3, 1], [2, 4, 1, 3, 0], [2, 0, 3, 1, 4], [3, 1, 4, 2, 0], [3, 0, 2, 4, 1], [4, 1, 3, 0, 2], [2, 4, 1, 3, 0], [1, 3, 0, 2, 4]] 
Generation 44 (11) (U.S: 8) -> [[2, 4, 1, 3, 0], [1, 4, 2, 0, 3], [2, 4, 1, 3, 0], [4, 2, 0, 3, 1], [2, 4, 1, 3, 0], [2, 0, 3, 1, 4], [3, 1, 4, 2, 0], [3, 0, 2, 4, 1], [4, 1, 3, 0, 2], [2, 4, 1, 3, 0], [1, 3, 0, 2, 4]] 
Generation 45 (11) (U.S: 8) -> [[2, 4, 1, 3, 0], [1, 4, 2, 0, 3], [2, 4, 1, 3, 0], [4, 2, 0, 3, 1], [2, 4, 1, 3, 0], [2, 0, 3, 1, 4], [3, 1, 4, 2, 0], [3, 0, 2, 4, 1], [4, 1, 3, 0, 2], [2, 4, 1, 3, 0], [1, 3, 0, 2, 4]] 
Generation 46 (11) (U.S: 8) -> [[2, 4, 1, 3, 0], [1, 4, 2, 0, 3], [2, 4, 1, 3, 0], [4, 2, 0, 3, 1], [2, 4, 1, 3, 0], [2, 0, 3, 1, 4], [3, 1, 4, 2, 0], [3, 0, 2, 4, 1], [4, 1, 3, 0, 2], [2, 4, 1, 3, 0], [1, 3, 0, 2, 4]] 
Generation 47 (11) (U.S: 8) -> [[2, 4, 1, 3, 0], [1, 4, 2, 0, 3], [2, 4, 1, 3, 0], [4, 2, 0, 3, 1], [2, 4, 1, 3, 0], [2, 0, 3, 1, 4], [3, 1, 4, 2, 0], [3, 0, 2, 4, 1], [4, 1, 3, 0, 2], [2, 4, 1, 3, 0], [1, 3, 0, 2, 4]] 
Generation 48 (11) (U.S: 8) -> [[2, 4, 1, 3, 0], [1, 4, 2, 0, 3], [2, 4, 1, 3, 0], [4, 2, 0, 3, 1], [2, 4, 1, 3, 0], [2, 0, 3, 1, 4], [3, 1, 4, 2, 0], [3, 0, 2, 4, 1], [4, 1, 3, 0, 2], [2, 4, 1, 3, 0], [1, 3, 0, 2, 4]] 
Generation 49 (11) (U.S: 8) -> [[2, 4, 1, 3, 0], [1, 4, 2, 0, 3], [2, 4, 1, 3, 0], [4, 2, 0, 3, 1], [2, 4, 1, 3, 0], [2, 0, 3, 1, 4], [3, 1, 4, 2, 0], [3, 0, 2, 4, 1], [4, 1, 3, 0, 2], [2, 4, 1, 3, 0], [1, 3, 0, 2, 4]] 
Generation 50 (11) (U.S: 8) -> [[2, 4, 1, 3, 0], [1, 4, 2, 0, 3], [2, 4, 1, 3, 0], [4, 2, 0, 3, 1], [2, 4, 1, 3, 0], [2, 0, 3, 1, 4], [3, 1, 4, 2, 0], [3, 0, 2, 4, 1], [4, 1, 3, 0, 2], [2, 4, 1, 3, 0], [1, 3, 0, 2, 4]] 
Generation 51 (11) (U.S: 8) -> [[2, 4, 1, 3, 0], [1, 4, 2, 0, 3], [2, 4, 1, 3, 0], [4, 2, 0, 3, 1], [2, 4, 1, 3, 0], [2, 0, 3, 1, 4], [3, 1, 4, 2, 0], [3, 0, 2, 4, 1], [4, 1, 3, 0, 2], [2, 4, 1, 3, 0], [1, 3, 0, 2, 4]] 
Generation 52 (11) (U.S: 8) -> [[2, 4, 1, 3, 0], [1, 4, 2, 0, 3], [2, 4, 1, 3, 0], [4, 2, 0, 3, 1], [2, 4, 1, 3, 0], [2, 0, 3, 1, 4], [3, 1, 4, 2, 0], [3, 0, 2, 4, 1], [4, 1, 3, 0, 2], [2, 4, 1, 3, 0], [1, 3, 0, 2, 4]] 
Generation 53 (11) (U.S: 8) -> [[2, 4, 1, 3, 0], [1, 4, 2, 0, 3], [2, 4, 1, 3, 0], [4, 2, 0, 3, 1], [2, 4, 1, 3, 0], [2, 0, 3, 1, 4], [3, 1, 4, 2, 0], [3, 0, 2, 4, 1], [4, 1, 3, 0, 2], [2, 4, 1, 3, 0], [1, 3, 0, 2, 4]] 
Generation 54 (11) (U.S: 8) -> [[2, 4, 1, 3, 0], [1, 4, 2, 0, 3], [2, 4, 1, 3, 0], [4, 2, 0, 3, 1], [2, 4, 1, 3, 0], [2, 0, 3, 1, 4], [3, 1, 4, 2, 0], [3, 0, 2, 4, 1], [4, 1, 3, 0, 2], [2, 4, 1, 3, 0], [1, 3, 0, 2, 4]] 
Generation 55 (11) (U.S: 8) -> [[2, 4, 1, 3, 0], [1, 4, 2, 0, 3], [2, 4, 1, 3, 0], [4, 2, 0, 3, 1], [2, 4, 1, 3, 0], [2, 0, 3, 1, 4], [3, 1, 4, 2, 0], [3, 0, 2, 4, 1], [4, 1, 3, 0, 2], [2, 4, 1, 3, 0], [1, 3, 0, 2, 4]] 
Generation 56 (11) (U.S: 8) -> [[2, 4, 1, 3, 0], [1, 4, 2, 0, 3], [2, 4, 1, 3, 0], [4, 2, 0, 3, 1], [2, 4, 1, 3, 0], [2, 0, 3, 1, 4], [3, 1, 4, 2, 0], [3, 0, 2, 4, 1], [4, 1, 3, 0, 2], [2, 4, 1, 3, 0], [1, 3, 0, 2, 4]] 
Generation 57 (11) (U.S: 8) -> [[2, 4, 1, 3, 0], [1, 4, 2, 0, 3], [2, 4, 1, 3, 0], [4, 2, 0, 3, 1], [2, 4, 1, 3, 0], [2, 0, 3, 1, 4], [3, 1, 4, 2, 0], [3, 0, 2, 4, 1], [4, 1, 3, 0, 2], [2, 4, 1, 3, 0], [1, 3, 0, 2, 4]] 
Generation 58 (11) (U.S: 8) -> [[2, 4, 1, 3, 0], [1, 4, 2, 0, 3], [2, 4, 1, 3, 0], [4, 2, 0, 3, 1], [2, 4, 1, 3, 0], [2, 0, 3, 1, 4], [3, 1, 4, 2, 0], [3, 0, 2, 4, 1], [4, 1, 3, 0, 2], [2, 4, 1, 3, 0], [1, 3, 0, 2, 4]] 
Generation 59 (11) (U.S: 8) -> [[2, 4, 1, 3, 0], [1, 4, 2, 0, 3], [2, 4, 1, 3, 0], [4, 2, 0, 3, 1], [2, 4, 1, 3, 0], [2, 0, 3, 1, 4], [3, 1, 4, 2, 0], [3, 0, 2, 4, 1], [4, 1, 3, 0, 2], [2, 4, 1, 3, 0], [1, 3, 0, 2, 4]] 
Generation 60 (11) (U.S: 8) -> [[2, 4, 1, 3, 0], [1, 4, 2, 0, 3], [2, 4, 1, 3, 0], [4, 2, 0, 3, 1], [2, 4, 1, 3, 0], [2, 0, 3, 1, 4], [3, 1, 4, 2, 0], [3, 0, 2, 4, 1], [4, 1, 3, 0, 2], [2, 4, 1, 3, 0], [1, 3, 0, 2, 4]] 
Generation 61 (11) (U.S: 8) -> [[2, 4, 1, 3, 0], [1, 4, 2, 0, 3], [2, 4, 1, 3, 0], [4, 2, 0, 3, 1], [2, 4, 1, 3, 0], [2, 0, 3, 1, 4], [3, 1, 4, 2, 0], [3, 0, 2, 4, 1], [4, 1, 3, 0, 2], [2, 4, 1, 3, 0], [1, 3, 0, 2, 4]] 
Generation 62 (11) (U.S: 8) -> [[2, 4, 1, 3, 0], [1, 4, 2, 0, 3], [2, 4, 1, 3, 0], [4, 2, 0, 3, 1], [2, 4, 1, 3, 0], [2, 0, 3, 1, 4], [3, 1, 4, 2, 0], [3, 0, 2, 4, 1], [4, 1, 3, 0, 2], [2, 4, 1, 3, 0], [1, 3, 0, 2, 4]] 
Generation 63 (11) (U.S: 8) -> [[2, 4, 1, 3, 0], [1, 4, 2, 0, 3], [2, 4, 1, 3, 0], [4, 2, 0, 3, 1], [2, 4, 1, 3, 0], [2, 0, 3, 1, 4], [3, 1, 4, 2, 0], [3, 0, 2, 4, 1], [4, 1, 3, 0, 2], [2, 4, 1, 3, 0], [1, 3, 0, 2, 4]] 
Generation 64 (11) (U.S: 8) -> [[2, 4, 1, 3, 0], [1, 4, 2, 0, 3], [2, 4, 1, 3, 0], [4, 2, 0, 3, 1], [2, 4, 1, 3, 0], [2, 0, 3, 1, 4], [3, 1, 4, 2, 0], [3, 0, 2, 4, 1], [4, 1, 3, 0, 2], [2, 4, 1, 3, 0], [1, 3, 0, 2, 4]] 
Generation 65 (11) (U.S: 8) -> [[2, 4, 1, 3, 0], [1, 4, 2, 0, 3], [2, 4, 1, 3, 0], [4, 2, 0, 3, 1], [2, 4, 1, 3, 0], [2, 0, 3, 1, 4], [3, 1, 4, 2, 0], [3, 0, 2, 4, 1], [4, 1, 3, 0, 2], [2, 4, 1, 3, 0], [1, 3, 0, 2, 4]] 
Generation 66 (11) (U.S: 8) -> [[2, 4, 1, 3, 0], [1, 4, 2, 0, 3], [2, 4, 1, 3, 0], [4, 2, 0, 3, 1], [2, 4, 1, 3, 0], [2, 0, 3, 1, 4], [3, 1, 4, 2, 0], [3, 0, 2, 4, 1], [4, 1, 3, 0, 2], [2, 4, 1, 3, 0], [1, 3, 0, 2, 4]] 
Generation 67 (11) (U.S: 8) -> [[2, 4, 1, 3, 0], [1, 4, 2, 0, 3], [2, 4, 1, 3, 0], [4, 2, 0, 3, 1], [2, 4, 1, 3, 0], [2, 0, 3, 1, 4], [3, 1, 4, 2, 0], [3, 0, 2, 4, 1], [4, 1, 3, 0, 2], [2, 4, 1, 3, 0], [1, 3, 0, 2, 4]] 
Generation 68 (11) (U.S: 8) -> [[2, 4, 1, 3, 0], [1, 4, 2, 0, 3], [2, 4, 1, 3, 0], [4, 2, 0, 3, 1], [2, 4, 1, 3, 0], [2, 0, 3, 1, 4], [3, 1, 4, 2, 0], [3, 0, 2, 4, 1], [4, 1, 3, 0, 2], [2, 4, 1, 3, 0], [1, 3, 0, 2, 4]] 
Generation 69 (11) (U.S: 8) -> [[2, 4, 1, 3, 0], [1, 4, 2, 0, 3], [2, 4, 1, 3, 0], [4, 2, 0, 3, 1], [2, 4, 1, 3, 0], [2, 0, 3, 1, 4], [3, 1, 4, 2, 0], [3, 0, 2, 4, 1], [4, 1, 3, 0, 2], [2, 4, 1, 3, 0], [1, 3, 0, 2, 4]] 
Generation 70 (11) (U.S: 8) -> [[2, 4, 1, 3, 0], [1, 4, 2, 0, 3], [2, 4, 1, 3, 0], [4, 2, 0, 3, 1], [2, 4, 1, 3, 0], [2, 0, 3, 1, 4], [3, 1, 4, 2, 0], [3, 0, 2, 4, 1], [4, 1, 3, 0, 2], [2, 4, 1, 3, 0], [1, 3, 0, 2, 4]] 
Generation 71 (11) (U.S: 8) -> [[2, 4, 1, 3, 0], [1, 4, 2, 0, 3], [2, 4, 1, 3, 0], [4, 2, 0, 3, 1], [2, 4, 1, 3, 0], [2, 0, 3, 1, 4], [3, 1, 4, 2, 0], [3, 0, 2, 4, 1], [4, 1, 3, 0, 2], [2, 4, 1, 3, 0], [1, 3, 0, 2, 4]] 
Generation 72 (11) (U.S: 8) -> [[2, 4, 1, 3, 0], [1, 4, 2, 0, 3], [2, 4, 1, 3, 0], [4, 2, 0, 3, 1], [2, 4, 1, 3, 0], [2, 0, 3, 1, 4], [3, 1, 4, 2, 0], [3, 0, 2, 4, 1], [4, 1, 3, 0, 2], [2, 4, 1, 3, 0], [1, 3, 0, 2, 4]] 
Generation 73 (11) (U.S: 8) -> [[2, 4, 1, 3, 0], [1, 4, 2, 0, 3], [2, 4, 1, 3, 0], [4, 2, 0, 3, 1], [2, 4, 1, 3, 0], [2, 0, 3, 1, 4], [3, 1, 4, 2, 0], [3, 0, 2, 4, 1], [4, 1, 3, 0, 2], [2, 4, 1, 3, 0], [1, 3, 0, 2, 4]] 
Generation 74 (11) (U.S: 8) -> [[2, 4, 1, 3, 0], [1, 4, 2, 0, 3], [2, 4, 1, 3, 0], [4, 2, 0, 3, 1], [2, 4, 1, 3, 0], [2, 0, 3, 1, 4], [3, 1, 4, 2, 0], [3, 0, 2, 4, 1], [4, 1, 3, 0, 2], [2, 4, 1, 3, 0], [1, 3, 0, 2, 4]] 
Generation 75 (11) (U.S: 8) -> [[2, 4, 1, 3, 0], [1, 4, 2, 0, 3], [2, 4, 1, 3, 0], [4, 2, 0, 3, 1], [2, 4, 1, 3, 0], [2, 0, 3, 1, 4], [3, 1, 4, 2, 0], [3, 0, 2, 4, 1], [4, 1, 3, 0, 2], [2, 4, 1, 3, 0], [1, 3, 0, 2, 4]] 
Generation 76 (11) (U.S: 8) -> [[2, 4, 1, 3, 0], [1, 4, 2, 0, 3], [2, 4, 1, 3, 0], [4, 2, 0, 3, 1], [2, 4, 1, 3, 0], [2, 0, 3, 1, 4], [3, 1, 4, 2, 0], [3, 0, 2, 4, 1], [4, 1, 3, 0, 2], [2, 4, 1, 3, 0], [1, 3, 0, 2, 4]] 
Generation 77 (11) (U.S: 8) -> [[2, 4, 1, 3, 0], [1, 4, 2, 0, 3], [2, 4, 1, 3, 0], [4, 2, 0, 3, 1], [2, 4, 1, 3, 0], [2, 0, 3, 1, 4], [3, 1, 4, 2, 0], [3, 0, 2, 4, 1], [4, 1, 3, 0, 2], [2, 4, 1, 3, 0], [1, 3, 0, 2, 4]] 
Generation 78 (11) (U.S: 8) -> [[2, 4, 1, 3, 0], [1, 4, 2, 0, 3], [2, 4, 1, 3, 0], [4, 2, 0, 3, 1], [2, 4, 1, 3, 0], [2, 0, 3, 1, 4], [3, 1, 4, 2, 0], [3, 0, 2, 4, 1], [4, 1, 3, 0, 2], [2, 4, 1, 3, 0], [1, 3, 0, 2, 4]] 
Generation 79 (11) (U.S: 8) -> [[2, 4, 1, 3, 0], [1, 4, 2, 0, 3], [2, 4, 1, 3, 0], [4, 2, 0, 3, 1], [2, 4, 1, 3, 0], [2, 0, 3, 1, 4], [3, 1, 4, 2, 0], [3, 0, 2, 4, 1], [4, 1, 3, 0, 2], [2, 4, 1, 3, 0], [1, 3, 0, 2, 4]] 
Generation 80 (11) (U.S: 8) -> [[2, 4, 1, 3, 0], [1, 4, 2, 0, 3], [2, 4, 1, 3, 0], [4, 2, 0, 3, 1], [2, 4, 1, 3, 0], [2, 0, 3, 1, 4], [3, 1, 4, 2, 0], [3, 0, 2, 4, 1], [4, 1, 3, 0, 2], [2, 4, 1, 3, 0], [1, 3, 0, 2, 4]] 
Generation 81 (11) (U.S: 8) -> [[2, 4, 1, 3, 0], [1, 4, 2, 0, 3], [2, 4, 1, 3, 0], [4, 2, 0, 3, 1], [2, 4, 1, 3, 0], [2, 0, 3, 1, 4], [3, 1, 4, 2, 0], [3, 0, 2, 4, 1], [4, 1, 3, 0, 2], [2, 4, 1, 3, 0], [1, 3, 0, 2, 4]] 
Generation 82 (11) (U.S: 8) -> [[2, 4, 1, 3, 0], [1, 4, 2, 0, 3], [2, 4, 1, 3, 0], [4, 2, 0, 3, 1], [2, 4, 1, 3, 0], [2, 0, 3, 1, 4], [3, 1, 4, 2, 0], [3, 0, 2, 4, 1], [4, 1, 3, 0, 2], [2, 4, 1, 3, 0], [1, 3, 0, 2, 4]] 
Generation 83 (11) (U.S: 8) -> [[2, 4, 1, 3, 0], [1, 4, 2, 0, 3], [2, 4, 1, 3, 0], [4, 2, 0, 3, 1], [2, 4, 1, 3, 0], [2, 0, 3, 1, 4], [3, 1, 4, 2, 0], [3, 0, 2, 4, 1], [4, 1, 3, 0, 2], [2, 4, 1, 3, 0], [1, 3, 0, 2, 4]] 
Generation 84 (11) (U.S: 8) -> [[2, 4, 1, 3, 0], [1, 4, 2, 0, 3], [2, 4, 1, 3, 0], [4, 2, 0, 3, 1], [2, 4, 1, 3, 0], [2, 0, 3, 1, 4], [3, 1, 4, 2, 0], [3, 0, 2, 4, 1], [4, 1, 3, 0, 2], [2, 4, 1, 3, 0], [1, 3, 0, 2, 4]] 
Generation 85 (11) (U.S: 8) -> [[2, 4, 1, 3, 0], [1, 4, 2, 0, 3], [2, 4, 1, 3, 0], [4, 2, 0, 3, 1], [2, 4, 1, 3, 0], [2, 0, 3, 1, 4], [3, 1, 4, 2, 0], [3, 0, 2, 4, 1], [4, 1, 3, 0, 2], [2, 4, 1, 3, 0], [1, 3, 0, 2, 4]] 
Generation 86 (11) (U.S: 8) -> [[2, 4, 1, 3, 0], [1, 4, 2, 0, 3], [2, 4, 1, 3, 0], [4, 2, 0, 3, 1], [2, 4, 1, 3, 0], [2, 0, 3, 1, 4], [3, 1, 4, 2, 0], [3, 0, 2, 4, 1], [4, 1, 3, 0, 2], [2, 4, 1, 3, 0], [1, 3, 0, 2, 4]] 
Generation 87 (11) (U.S: 8) -> [[2, 4, 1, 3, 0], [1, 4, 2, 0, 3], [2, 4, 1, 3, 0], [4, 2, 0, 3, 1], [2, 4, 1, 3, 0], [2, 0, 3, 1, 4], [3, 1, 4, 2, 0], [3, 0, 2, 4, 1], [4, 1, 3, 0, 2], [2, 4, 1, 3, 0], [1, 3, 0, 2, 4]] 
Generation 88 (11) (U.S: 8) -> [[2, 4, 1, 3, 0], [1, 4, 2, 0, 3], [2, 4, 1, 3, 0], [4, 2, 0, 3, 1], [2, 4, 1, 3, 0], [2, 0, 3, 1, 4], [3, 1, 4, 2, 0], [3, 0, 2, 4, 1], [4, 1, 3, 0, 2], [2, 4, 1, 3, 0], [1, 3, 0, 2, 4]] 
Generation 89 (11) (U.S: 8) -> [[2, 4, 1, 3, 0], [1, 4, 2, 0, 3], [2, 4, 1, 3, 0], [4, 2, 0, 3, 1], [2, 4, 1, 3, 0], [2, 0, 3, 1, 4], [3, 1, 4, 2, 0], [3, 0, 2, 4, 1], [4, 1, 3, 0, 2], [2, 4, 1, 3, 0], [1, 3, 0, 2, 4]] 
Generation 90 (12) (U.S: 8) -> [[2, 4, 1, 3, 0], [1, 4, 2, 0, 3], [2, 4, 1, 3, 0], [2, 4, 1, 3, 0], [4, 2, 0, 3, 1], [2, 4, 1, 3, 0], [2, 0, 3, 1, 4], [3, 1, 4, 2, 0], [3, 0, 2, 4, 1], [4, 1, 3, 0, 2], [2, 4, 1, 3, 0], [1, 3, 0, 2, 4]] 
Generation 91 (12) (U.S: 8) -> [[2, 4, 1, 3, 0], [1, 4, 2, 0, 3], [2, 4, 1, 3, 0], [2, 4, 1, 3, 0], [4, 2, 0, 3, 1], [2, 4, 1, 3, 0], [2, 0, 3, 1, 4], [3, 1, 4, 2, 0], [3, 0, 2, 4, 1], [4, 1, 3, 0, 2], [2, 4, 1, 3, 0], [1, 3, 0, 2, 4]] 
Generation 92 (12) (U.S: 8) -> [[2, 4, 1, 3, 0], [1, 4, 2, 0, 3], [2, 4, 1, 3, 0], [2, 4, 1, 3, 0], [4, 2, 0, 3, 1], [2, 4, 1, 3, 0], [2, 0, 3, 1, 4], [3, 1, 4, 2, 0], [3, 0, 2, 4, 1], [4, 1, 3, 0, 2], [2, 4, 1, 3, 0], [1, 3, 0, 2, 4]] 
Generation 93 (12) (U.S: 8) -> [[2, 4, 1, 3, 0], [1, 4, 2, 0, 3], [2, 4, 1, 3, 0], [2, 4, 1, 3, 0], [4, 2, 0, 3, 1], [2, 4, 1, 3, 0], [2, 0, 3, 1, 4], [3, 1, 4, 2, 0], [3, 0, 2, 4, 1], [4, 1, 3, 0, 2], [2, 4, 1, 3, 0], [1, 3, 0, 2, 4]] 
Generation 94 (12) (U.S: 8) -> [[2, 4, 1, 3, 0], [1, 4, 2, 0, 3], [2, 4, 1, 3, 0], [2, 4, 1, 3, 0], [4, 2, 0, 3, 1], [2, 4, 1, 3, 0], [2, 0, 3, 1, 4], [3, 1, 4, 2, 0], [3, 0, 2, 4, 1], [4, 1, 3, 0, 2], [2, 4, 1, 3, 0], [1, 3, 0, 2, 4]] 
Generation 95 (12) (U.S: 8) -> [[2, 4, 1, 3, 0], [1, 4, 2, 0, 3], [2, 4, 1, 3, 0], [2, 4, 1, 3, 0], [4, 2, 0, 3, 1], [2, 4, 1, 3, 0], [2, 0, 3, 1, 4], [3, 1, 4, 2, 0], [3, 0, 2, 4, 1], [4, 1, 3, 0, 2], [2, 4, 1, 3, 0], [1, 3, 0, 2, 4]] 
Generation 96 (12) (U.S: 8) -> [[2, 4, 1, 3, 0], [1, 4, 2, 0, 3], [2, 4, 1, 3, 0], [2, 4, 1, 3, 0], [4, 2, 0, 3, 1], [2, 4, 1, 3, 0], [2, 0, 3, 1, 4], [3, 1, 4, 2, 0], [3, 0, 2, 4, 1], [4, 1, 3, 0, 2], [2, 4, 1, 3, 0], [1, 3, 0, 2, 4]] 
Generation 97 (12) (U.S: 8) -> [[2, 4, 1, 3, 0], [1, 4, 2, 0, 3], [2, 4, 1, 3, 0], [2, 4, 1, 3, 0], [4, 2, 0, 3, 1], [2, 4, 1, 3, 0], [2, 0, 3, 1, 4], [3, 1, 4, 2, 0], [3, 0, 2, 4, 1], [4, 1, 3, 0, 2], [2, 4, 1, 3, 0], [1, 3, 0, 2, 4]] 
Generation 98 (12) (U.S: 8) -> [[2, 4, 1, 3, 0], [1, 4, 2, 0, 3], [2, 4, 1, 3, 0], [2, 4, 1, 3, 0], [4, 2, 0, 3, 1], [2, 4, 1, 3, 0], [2, 0, 3, 1, 4], [3, 1, 4, 2, 0], [3, 0, 2, 4, 1], [4, 1, 3, 0, 2], [2, 4, 1, 3, 0], [1, 3, 0, 2, 4]] 
Generation 99 (12) (U.S: 8) -> [[2, 4, 1, 3, 0], [1, 4, 2, 0, 3], [2, 4, 1, 3, 0], [2, 4, 1, 3, 0], [4, 2, 0, 3, 1], [2, 4, 1, 3, 0], [2, 0, 3, 1, 4], [3, 1, 4, 2, 0], [3, 0, 2, 4, 1], [4, 1, 3, 0, 2], [2, 4, 1, 3, 0], [1, 3, 0, 2, 4]] 
Generation 100 (12) (U.S: 8) -> [[2, 4, 1, 3, 0], [1, 4, 2, 0, 3], [2, 4, 1, 3, 0], [2, 4, 1, 3, 0], [4, 2, 0, 3, 1], [2, 4, 1, 3, 0], [2, 0, 3, 1, 4], [3, 1, 4, 2, 0], [3, 0, 2, 4, 1], [4, 1, 3, 0, 2], [2, 4, 1, 3, 0], [1, 3, 0, 2, 4]] 
------------------------------------ 
The 8 solutions found are: 
2
4
1
3
0
1
4
2
0
3
4
2
0
3
1
2
0
3
1
4
3
1
4
2
0
3
0
2
4
1
4
1
3
0
2
1
3
0
2
4
