Objective Function: Diversity 
lengthPopulation: 100 
lengthChromosome: 5 
lengthMatingPool: 80 
generations:  100 
------------------------------------ 
Selection Method: Tournament 
Reproduction Method: Mutation 
Replacement Selection Method: Weakest Replacement 

Results: 
Generation 1 (10) (U.S: 5) -> [[4, 1, 3, 0, 2], [4, 2, 0, 3, 1], [3, 1, 4, 2, 0], [0, 3, 1, 4, 2], [4, 1, 3, 0, 2], [4, 2, 0, 3, 1], [3, 1, 4, 2, 0], [4, 2, 0, 3, 1], [3, 1, 4, 2, 0], [2, 4, 1, 3, 0]] 
Generation 2 (10) (U.S: 5) -> [[4, 1, 3, 0, 2], [4, 2, 0, 3, 1], [3, 1, 4, 2, 0], [0, 3, 1, 4, 2], [4, 1, 3, 0, 2], [4, 2, 0, 3, 1], [3, 1, 4, 2, 0], [4, 2, 0, 3, 1], [3, 1, 4, 2, 0], [2, 4, 1, 3, 0]] 
Generation 3 (11) (U.S: 6) -> [[0, 2, 4, 1, 3], [4, 1, 3, 0, 2], [4, 2, 0, 3, 1], [3, 1, 4, 2, 0], [0, 3, 1, 4, 2], [4, 1, 3, 0, 2], [4, 2, 0, 3, 1], [3, 1, 4, 2, 0], [4, 2, 0, 3, 1], [3, 1, 4, 2, 0], [2, 4, 1, 3, 0]] 
Generation 4 (11) (U.S: 6) -> [[0, 2, 4, 1, 3], [4, 1, 3, 0, 2], [4, 2, 0, 3, 1], [3, 1, 4, 2, 0], [0, 3, 1, 4, 2], [4, 1, 3, 0, 2], [4, 2, 0, 3, 1], [3, 1, 4, 2, 0], [4, 2, 0, 3, 1], [3, 1, 4, 2, 0], [2, 4, 1, 3, 0]] 
Generation 5 (11) (U.S: 6) -> [[0, 2, 4, 1, 3], [4, 1, 3, 0, 2], [4, 2, 0, 3, 1], [3, 1, 4, 2, 0], [0, 3, 1, 4, 2], [4, 1, 3, 0, 2], [4, 2, 0, 3, 1], [3, 1, 4, 2, 0], [4, 2, 0, 3, 1], [3, 1, 4, 2, 0], [2, 4, 1, 3, 0]] 
Generation 6 (11) (U.S: 6) -> [[0, 2, 4, 1, 3], [4, 1, 3, 0, 2], [4, 2, 0, 3, 1], [3, 1, 4, 2, 0], [0, 3, 1, 4, 2], [4, 1, 3, 0, 2], [4, 2, 0, 3, 1], [3, 1, 4, 2, 0], [4, 2, 0, 3, 1], [3, 1, 4, 2, 0], [2, 4, 1, 3, 0]] 
Generation 7 (11) (U.S: 6) -> [[0, 2, 4, 1, 3], [4, 1, 3, 0, 2], [4, 2, 0, 3, 1], [3, 1, 4, 2, 0], [0, 3, 1, 4, 2], [4, 1, 3, 0, 2], [4, 2, 0, 3, 1], [3, 1, 4, 2, 0], [4, 2, 0, 3, 1], [3, 1, 4, 2, 0], [2, 4, 1, 3, 0]] 
Generation 8 (11) (U.S: 6) -> [[0, 2, 4, 1, 3], [4, 1, 3, 0, 2], [4, 2, 0, 3, 1], [3, 1, 4, 2, 0], [0, 3, 1, 4, 2], [4, 1, 3, 0, 2], [4, 2, 0, 3, 1], [3, 1, 4, 2, 0], [4, 2, 0, 3, 1], [3, 1, 4, 2, 0], [2, 4, 1, 3, 0]] 
Generation 9 (11) (U.S: 6) -> [[0, 2, 4, 1, 3], [4, 1, 3, 0, 2], [4, 2, 0, 3, 1], [3, 1, 4, 2, 0], [0, 3, 1, 4, 2], [4, 1, 3, 0, 2], [4, 2, 0, 3, 1], [3, 1, 4, 2, 0], [4, 2, 0, 3, 1], [3, 1, 4, 2, 0], [2, 4, 1, 3, 0]] 
Generation 10 (11) (U.S: 6) -> [[0, 2, 4, 1, 3], [4, 1, 3, 0, 2], [4, 2, 0, 3, 1], [3, 1, 4, 2, 0], [0, 3, 1, 4, 2], [4, 1, 3, 0, 2], [4, 2, 0, 3, 1], [3, 1, 4, 2, 0], [4, 2, 0, 3, 1], [3, 1, 4, 2, 0], [2, 4, 1, 3, 0]] 
Generation 11 (11) (U.S: 6) -> [[0, 2, 4, 1, 3], [4, 1, 3, 0, 2], [4, 2, 0, 3, 1], [3, 1, 4, 2, 0], [0, 3, 1, 4, 2], [4, 1, 3, 0, 2], [4, 2, 0, 3, 1], [3, 1, 4, 2, 0], [4, 2, 0, 3, 1], [3, 1, 4, 2, 0], [2, 4, 1, 3, 0]] 
Generation 12 (11) (U.S: 6) -> [[0, 2, 4, 1, 3], [4, 1, 3, 0, 2], [4, 2, 0, 3, 1], [3, 1, 4, 2, 0], [0, 3, 1, 4, 2], [4, 1, 3, 0, 2], [4, 2, 0, 3, 1], [3, 1, 4, 2, 0], [4, 2, 0, 3, 1], [3, 1, 4, 2, 0], [2, 4, 1, 3, 0]] 
Generation 13 (11) (U.S: 6) -> [[0, 2, 4, 1, 3], [4, 1, 3, 0, 2], [4, 2, 0, 3, 1], [3, 1, 4, 2, 0], [0, 3, 1, 4, 2], [4, 1, 3, 0, 2], [4, 2, 0, 3, 1], [3, 1, 4, 2, 0], [4, 2, 0, 3, 1], [3, 1, 4, 2, 0], [2, 4, 1, 3, 0]] 
Generation 14 (11) (U.S: 6) -> [[0, 2, 4, 1, 3], [4, 1, 3, 0, 2], [4, 2, 0, 3, 1], [3, 1, 4, 2, 0], [0, 3, 1, 4, 2], [4, 1, 3, 0, 2], [4, 2, 0, 3, 1], [3, 1, 4, 2, 0], [4, 2, 0, 3, 1], [3, 1, 4, 2, 0], [2, 4, 1, 3, 0]] 
Generation 15 (11) (U.S: 6) -> [[0, 2, 4, 1, 3], [4, 1, 3, 0, 2], [4, 2, 0, 3, 1], [3, 1, 4, 2, 0], [0, 3, 1, 4, 2], [4, 1, 3, 0, 2], [4, 2, 0, 3, 1], [3, 1, 4, 2, 0], [4, 2, 0, 3, 1], [3, 1, 4, 2, 0], [2, 4, 1, 3, 0]] 
Generation 16 (11) (U.S: 6) -> [[0, 2, 4, 1, 3], [4, 1, 3, 0, 2], [4, 2, 0, 3, 1], [3, 1, 4, 2, 0], [0, 3, 1, 4, 2], [4, 1, 3, 0, 2], [4, 2, 0, 3, 1], [3, 1, 4, 2, 0], [4, 2, 0, 3, 1], [3, 1, 4, 2, 0], [2, 4, 1, 3, 0]] 
Generation 17 (12) (U.S: 7) -> [[0, 2, 4, 1, 3], [4, 1, 3, 0, 2], [2, 0, 3, 1, 4], [4, 2, 0, 3, 1], [3, 1, 4, 2, 0], [0, 3, 1, 4, 2], [4, 1, 3, 0, 2], [4, 2, 0, 3, 1], [3, 1, 4, 2, 0], [4, 2, 0, 3, 1], [3, 1, 4, 2, 0], [2, 4, 1, 3, 0]] 
Generation 18 (12) (U.S: 7) -> [[0, 2, 4, 1, 3], [4, 1, 3, 0, 2], [2, 0, 3, 1, 4], [4, 2, 0, 3, 1], [3, 1, 4, 2, 0], [0, 3, 1, 4, 2], [4, 1, 3, 0, 2], [4, 2, 0, 3, 1], [3, 1, 4, 2, 0], [4, 2, 0, 3, 1], [3, 1, 4, 2, 0], [2, 4, 1, 3, 0]] 
Generation 19 (12) (U.S: 7) -> [[0, 2, 4, 1, 3], [4, 1, 3, 0, 2], [2, 0, 3, 1, 4], [4, 2, 0, 3, 1], [3, 1, 4, 2, 0], [0, 3, 1, 4, 2], [4, 1, 3, 0, 2], [4, 2, 0, 3, 1], [3, 1, 4, 2, 0], [4, 2, 0, 3, 1], [3, 1, 4, 2, 0], [2, 4, 1, 3, 0]] 
Generation 20 (12) (U.S: 7) -> [[0, 2, 4, 1, 3], [4, 1, 3, 0, 2], [2, 0, 3, 1, 4], [4, 2, 0, 3, 1], [3, 1, 4, 2, 0], [0, 3, 1, 4, 2], [4, 1, 3, 0, 2], [4, 2, 0, 3, 1], [3, 1, 4, 2, 0], [4, 2, 0, 3, 1], [3, 1, 4, 2, 0], [2, 4, 1, 3, 0]] 
Generation 21 (12) (U.S: 7) -> [[0, 2, 4, 1, 3], [4, 1, 3, 0, 2], [2, 0, 3, 1, 4], [4, 2, 0, 3, 1], [3, 1, 4, 2, 0], [0, 3, 1, 4, 2], [4, 1, 3, 0, 2], [4, 2, 0, 3, 1], [3, 1, 4, 2, 0], [4, 2, 0, 3, 1], [3, 1, 4, 2, 0], [2, 4, 1, 3, 0]] 
Generation 22 (12) (U.S: 7) -> [[0, 2, 4, 1, 3], [4, 1, 3, 0, 2], [2, 0, 3, 1, 4], [4, 2, 0, 3, 1], [3, 1, 4, 2, 0], [0, 3, 1, 4, 2], [4, 1, 3, 0, 2], [4, 2, 0, 3, 1], [3, 1, 4, 2, 0], [4, 2, 0, 3, 1], [3, 1, 4, 2, 0], [2, 4, 1, 3, 0]] 
Generation 23 (12) (U.S: 7) -> [[0, 2, 4, 1, 3], [4, 1, 3, 0, 2], [2, 0, 3, 1, 4], [4, 2, 0, 3, 1], [3, 1, 4, 2, 0], [0, 3, 1, 4, 2], [4, 1, 3, 0, 2], [4, 2, 0, 3, 1], [3, 1, 4, 2, 0], [4, 2, 0, 3, 1], [3, 1, 4, 2, 0], [2, 4, 1, 3, 0]] 
Generation 24 (12) (U.S: 7) -> [[0, 2, 4, 1, 3], [4, 1, 3, 0, 2], [2, 0, 3, 1, 4], [4, 2, 0, 3, 1], [3, 1, 4, 2, 0], [0, 3, 1, 4, 2], [4, 1, 3, 0, 2], [4, 2, 0, 3, 1], [3, 1, 4, 2, 0], [4, 2, 0, 3, 1], [3, 1, 4, 2, 0], [2, 4, 1, 3, 0]] 
Generation 25 (12) (U.S: 7) -> [[0, 2, 4, 1, 3], [4, 1, 3, 0, 2], [2, 0, 3, 1, 4], [4, 2, 0, 3, 1], [3, 1, 4, 2, 0], [0, 3, 1, 4, 2], [4, 1, 3, 0, 2], [4, 2, 0, 3, 1], [3, 1, 4, 2, 0], [4, 2, 0, 3, 1], [3, 1, 4, 2, 0], [2, 4, 1, 3, 0]] 
Generation 26 (13) (U.S: 7) -> [[0, 2, 4, 1, 3], [4, 1, 3, 0, 2], [2, 0, 3, 1, 4], [2, 4, 1, 3, 0], [4, 2, 0, 3, 1], [3, 1, 4, 2, 0], [0, 3, 1, 4, 2], [4, 1, 3, 0, 2], [4, 2, 0, 3, 1], [3, 1, 4, 2, 0], [4, 2, 0, 3, 1], [3, 1, 4, 2, 0], [2, 4, 1, 3, 0]] 
Generation 27 (13) (U.S: 7) -> [[0, 2, 4, 1, 3], [4, 1, 3, 0, 2], [2, 0, 3, 1, 4], [2, 4, 1, 3, 0], [4, 2, 0, 3, 1], [3, 1, 4, 2, 0], [0, 3, 1, 4, 2], [4, 1, 3, 0, 2], [4, 2, 0, 3, 1], [3, 1, 4, 2, 0], [4, 2, 0, 3, 1], [3, 1, 4, 2, 0], [2, 4, 1, 3, 0]] 
Generation 28 (13) (U.S: 7) -> [[0, 2, 4, 1, 3], [4, 1, 3, 0, 2], [2, 0, 3, 1, 4], [2, 4, 1, 3, 0], [4, 2, 0, 3, 1], [3, 1, 4, 2, 0], [0, 3, 1, 4, 2], [4, 1, 3, 0, 2], [4, 2, 0, 3, 1], [3, 1, 4, 2, 0], [4, 2, 0, 3, 1], [3, 1, 4, 2, 0], [2, 4, 1, 3, 0]] 
Generation 29 (13) (U.S: 7) -> [[0, 2, 4, 1, 3], [4, 1, 3, 0, 2], [2, 0, 3, 1, 4], [2, 4, 1, 3, 0], [4, 2, 0, 3, 1], [3, 1, 4, 2, 0], [0, 3, 1, 4, 2], [4, 1, 3, 0, 2], [4, 2, 0, 3, 1], [3, 1, 4, 2, 0], [4, 2, 0, 3, 1], [3, 1, 4, 2, 0], [2, 4, 1, 3, 0]] 
Generation 30 (13) (U.S: 7) -> [[0, 2, 4, 1, 3], [4, 1, 3, 0, 2], [2, 0, 3, 1, 4], [2, 4, 1, 3, 0], [4, 2, 0, 3, 1], [3, 1, 4, 2, 0], [0, 3, 1, 4, 2], [4, 1, 3, 0, 2], [4, 2, 0, 3, 1], [3, 1, 4, 2, 0], [4, 2, 0, 3, 1], [3, 1, 4, 2, 0], [2, 4, 1, 3, 0]] 
Generation 31 (13) (U.S: 7) -> [[0, 2, 4, 1, 3], [4, 1, 3, 0, 2], [2, 0, 3, 1, 4], [2, 4, 1, 3, 0], [4, 2, 0, 3, 1], [3, 1, 4, 2, 0], [0, 3, 1, 4, 2], [4, 1, 3, 0, 2], [4, 2, 0, 3, 1], [3, 1, 4, 2, 0], [4, 2, 0, 3, 1], [3, 1, 4, 2, 0], [2, 4, 1, 3, 0]] 
Generation 32 (13) (U.S: 7) -> [[0, 2, 4, 1, 3], [4, 1, 3, 0, 2], [2, 0, 3, 1, 4], [2, 4, 1, 3, 0], [4, 2, 0, 3, 1], [3, 1, 4, 2, 0], [0, 3, 1, 4, 2], [4, 1, 3, 0, 2], [4, 2, 0, 3, 1], [3, 1, 4, 2, 0], [4, 2, 0, 3, 1], [3, 1, 4, 2, 0], [2, 4, 1, 3, 0]] 
Generation 33 (13) (U.S: 7) -> [[0, 2, 4, 1, 3], [4, 1, 3, 0, 2], [2, 0, 3, 1, 4], [2, 4, 1, 3, 0], [4, 2, 0, 3, 1], [3, 1, 4, 2, 0], [0, 3, 1, 4, 2], [4, 1, 3, 0, 2], [4, 2, 0, 3, 1], [3, 1, 4, 2, 0], [4, 2, 0, 3, 1], [3, 1, 4, 2, 0], [2, 4, 1, 3, 0]] 
Generation 34 (13) (U.S: 7) -> [[0, 2, 4, 1, 3], [4, 1, 3, 0, 2], [2, 0, 3, 1, 4], [2, 4, 1, 3, 0], [4, 2, 0, 3, 1], [3, 1, 4, 2, 0], [0, 3, 1, 4, 2], [4, 1, 3, 0, 2], [4, 2, 0, 3, 1], [3, 1, 4, 2, 0], [4, 2, 0, 3, 1], [3, 1, 4, 2, 0], [2, 4, 1, 3, 0]] 
Generation 35 (13) (U.S: 7) -> [[0, 2, 4, 1, 3], [4, 1, 3, 0, 2], [2, 0, 3, 1, 4], [2, 4, 1, 3, 0], [4, 2, 0, 3, 1], [3, 1, 4, 2, 0], [0, 3, 1, 4, 2], [4, 1, 3, 0, 2], [4, 2, 0, 3, 1], [3, 1, 4, 2, 0], [4, 2, 0, 3, 1], [3, 1, 4, 2, 0], [2, 4, 1, 3, 0]] 
Generation 36 (13) (U.S: 7) -> [[0, 2, 4, 1, 3], [4, 1, 3, 0, 2], [2, 0, 3, 1, 4], [2, 4, 1, 3, 0], [4, 2, 0, 3, 1], [3, 1, 4, 2, 0], [0, 3, 1, 4, 2], [4, 1, 3, 0, 2], [4, 2, 0, 3, 1], [3, 1, 4, 2, 0], [4, 2, 0, 3, 1], [3, 1, 4, 2, 0], [2, 4, 1, 3, 0]] 
Generation 37 (13) (U.S: 7) -> [[0, 2, 4, 1, 3], [4, 1, 3, 0, 2], [2, 0, 3, 1, 4], [2, 4, 1, 3, 0], [4, 2, 0, 3, 1], [3, 1, 4, 2, 0], [0, 3, 1, 4, 2], [4, 1, 3, 0, 2], [4, 2, 0, 3, 1], [3, 1, 4, 2, 0], [4, 2, 0, 3, 1], [3, 1, 4, 2, 0], [2, 4, 1, 3, 0]] 
Generation 38 (13) (U.S: 7) -> [[0, 2, 4, 1, 3], [4, 1, 3, 0, 2], [2, 0, 3, 1, 4], [2, 4, 1, 3, 0], [4, 2, 0, 3, 1], [3, 1, 4, 2, 0], [0, 3, 1, 4, 2], [4, 1, 3, 0, 2], [4, 2, 0, 3, 1], [3, 1, 4, 2, 0], [4, 2, 0, 3, 1], [3, 1, 4, 2, 0], [2, 4, 1, 3, 0]] 
Generation 39 (13) (U.S: 7) -> [[0, 2, 4, 1, 3], [4, 1, 3, 0, 2], [2, 0, 3, 1, 4], [2, 4, 1, 3, 0], [4, 2, 0, 3, 1], [3, 1, 4, 2, 0], [0, 3, 1, 4, 2], [4, 1, 3, 0, 2], [4, 2, 0, 3, 1], [3, 1, 4, 2, 0], [4, 2, 0, 3, 1], [3, 1, 4, 2, 0], [2, 4, 1, 3, 0]] 
Generation 40 (14) (U.S: 7) -> [[4, 1, 3, 0, 2], [0, 2, 4, 1, 3], [4, 1, 3, 0, 2], [2, 0, 3, 1, 4], [2, 4, 1, 3, 0], [4, 2, 0, 3, 1], [3, 1, 4, 2, 0], [0, 3, 1, 4, 2], [4, 1, 3, 0, 2], [4, 2, 0, 3, 1], [3, 1, 4, 2, 0], [4, 2, 0, 3, 1], [3, 1, 4, 2, 0], [2, 4, 1, 3, 0]] 
Generation 41 (14) (U.S: 7) -> [[4, 1, 3, 0, 2], [0, 2, 4, 1, 3], [4, 1, 3, 0, 2], [2, 0, 3, 1, 4], [2, 4, 1, 3, 0], [4, 2, 0, 3, 1], [3, 1, 4, 2, 0], [0, 3, 1, 4, 2], [4, 1, 3, 0, 2], [4, 2, 0, 3, 1], [3, 1, 4, 2, 0], [4, 2, 0, 3, 1], [3, 1, 4, 2, 0], [2, 4, 1, 3, 0]] 
Generation 42 (14) (U.S: 7) -> [[4, 1, 3, 0, 2], [0, 2, 4, 1, 3], [4, 1, 3, 0, 2], [2, 0, 3, 1, 4], [2, 4, 1, 3, 0], [4, 2, 0, 3, 1], [3, 1, 4, 2, 0], [0, 3, 1, 4, 2], [4, 1, 3, 0, 2], [4, 2, 0, 3, 1], [3, 1, 4, 2, 0], [4, 2, 0, 3, 1], [3, 1, 4, 2, 0], [2, 4, 1, 3, 0]] 
Generation 43 (14) (U.S: 7) -> [[4, 1, 3, 0, 2], [0, 2, 4, 1, 3], [4, 1, 3, 0, 2], [2, 0, 3, 1, 4], [2, 4, 1, 3, 0], [4, 2, 0, 3, 1], [3, 1, 4, 2, 0], [0, 3, 1, 4, 2], [4, 1, 3, 0, 2], [4, 2, 0, 3, 1], [3, 1, 4, 2, 0], [4, 2, 0, 3, 1], [3, 1, 4, 2, 0], [2, 4, 1, 3, 0]] 
Generation 44 (14) (U.S: 7) -> [[4, 1, 3, 0, 2], [0, 2, 4, 1, 3], [4, 1, 3, 0, 2], [2, 0, 3, 1, 4], [2, 4, 1, 3, 0], [4, 2, 0, 3, 1], [3, 1, 4, 2, 0], [0, 3, 1, 4, 2], [4, 1, 3, 0, 2], [4, 2, 0, 3, 1], [3, 1, 4, 2, 0], [4, 2, 0, 3, 1], [3, 1, 4, 2, 0], [2, 4, 1, 3, 0]] 
Generation 45 (14) (U.S: 7) -> [[4, 1, 3, 0, 2], [0, 2, 4, 1, 3], [4, 1, 3, 0, 2], [2, 0, 3, 1, 4], [2, 4, 1, 3, 0], [4, 2, 0, 3, 1], [3, 1, 4, 2, 0], [0, 3, 1, 4, 2], [4, 1, 3, 0, 2], [4, 2, 0, 3, 1], [3, 1, 4, 2, 0], [4, 2, 0, 3, 1], [3, 1, 4, 2, 0], [2, 4, 1, 3, 0]] 
Generation 46 (14) (U.S: 7) -> [[4, 1, 3, 0, 2], [0, 2, 4, 1, 3], [4, 1, 3, 0, 2], [2, 0, 3, 1, 4], [2, 4, 1, 3, 0], [4, 2, 0, 3, 1], [3, 1, 4, 2, 0], [0, 3, 1, 4, 2], [4, 1, 3, 0, 2], [4, 2, 0, 3, 1], [3, 1, 4, 2, 0], [4, 2, 0, 3, 1], [3, 1, 4, 2, 0], [2, 4, 1, 3, 0]] 
Generation 47 (14) (U.S: 7) -> [[4, 1, 3, 0, 2], [0, 2, 4, 1, 3], [4, 1, 3, 0, 2], [2, 0, 3, 1, 4], [2, 4, 1, 3, 0], [4, 2, 0, 3, 1], [3, 1, 4, 2, 0], [0, 3, 1, 4, 2], [4, 1, 3, 0, 2], [4, 2, 0, 3, 1], [3, 1, 4, 2, 0], [4, 2, 0, 3, 1], [3, 1, 4, 2, 0], [2, 4, 1, 3, 0]] 
Generation 48 (14) (U.S: 7) -> [[4, 1, 3, 0, 2], [0, 2, 4, 1, 3], [4, 1, 3, 0, 2], [2, 0, 3, 1, 4], [2, 4, 1, 3, 0], [4, 2, 0, 3, 1], [3, 1, 4, 2, 0], [0, 3, 1, 4, 2], [4, 1, 3, 0, 2], [4, 2, 0, 3, 1], [3, 1, 4, 2, 0], [4, 2, 0, 3, 1], [3, 1, 4, 2, 0], [2, 4, 1, 3, 0]] 
Generation 49 (14) (U.S: 7) -> [[4, 1, 3, 0, 2], [0, 2, 4, 1, 3], [4, 1, 3, 0, 2], [2, 0, 3, 1, 4], [2, 4, 1, 3, 0], [4, 2, 0, 3, 1], [3, 1, 4, 2, 0], [0, 3, 1, 4, 2], [4, 1, 3, 0, 2], [4, 2, 0, 3, 1], [3, 1, 4, 2, 0], [4, 2, 0, 3, 1], [3, 1, 4, 2, 0], [2, 4, 1, 3, 0]] 
Generation 50 (14) (U.S: 7) -> [[4, 1, 3, 0, 2], [0, 2, 4, 1, 3], [4, 1, 3, 0, 2], [2, 0, 3, 1, 4], [2, 4, 1, 3, 0], [4, 2, 0, 3, 1], [3, 1, 4, 2, 0], [0, 3, 1, 4, 2], [4, 1, 3, 0, 2], [4, 2, 0, 3, 1], [3, 1, 4, 2, 0], [4, 2, 0, 3, 1], [3, 1, 4, 2, 0], [2, 4, 1, 3, 0]] 
Generation 51 (14) (U.S: 7) -> [[4, 1, 3, 0, 2], [0, 2, 4, 1, 3], [4, 1, 3, 0, 2], [2, 0, 3, 1, 4], [2, 4, 1, 3, 0], [4, 2, 0, 3, 1], [3, 1, 4, 2, 0], [0, 3, 1, 4, 2], [4, 1, 3, 0, 2], [4, 2, 0, 3, 1], [3, 1, 4, 2, 0], [4, 2, 0, 3, 1], [3, 1, 4, 2, 0], [2, 4, 1, 3, 0]] 
Generation 52 (14) (U.S: 7) -> [[4, 1, 3, 0, 2], [0, 2, 4, 1, 3], [4, 1, 3, 0, 2], [2, 0, 3, 1, 4], [2, 4, 1, 3, 0], [4, 2, 0, 3, 1], [3, 1, 4, 2, 0], [0, 3, 1, 4, 2], [4, 1, 3, 0, 2], [4, 2, 0, 3, 1], [3, 1, 4, 2, 0], [4, 2, 0, 3, 1], [3, 1, 4, 2, 0], [2, 4, 1, 3, 0]] 
Generation 53 (14) (U.S: 7) -> [[4, 1, 3, 0, 2], [0, 2, 4, 1, 3], [4, 1, 3, 0, 2], [2, 0, 3, 1, 4], [2, 4, 1, 3, 0], [4, 2, 0, 3, 1], [3, 1, 4, 2, 0], [0, 3, 1, 4, 2], [4, 1, 3, 0, 2], [4, 2, 0, 3, 1], [3, 1, 4, 2, 0], [4, 2, 0, 3, 1], [3, 1, 4, 2, 0], [2, 4, 1, 3, 0]] 
Generation 54 (14) (U.S: 7) -> [[4, 1, 3, 0, 2], [0, 2, 4, 1, 3], [4, 1, 3, 0, 2], [2, 0, 3, 1, 4], [2, 4, 1, 3, 0], [4, 2, 0, 3, 1], [3, 1, 4, 2, 0], [0, 3, 1, 4, 2], [4, 1, 3, 0, 2], [4, 2, 0, 3, 1], [3, 1, 4, 2, 0], [4, 2, 0, 3, 1], [3, 1, 4, 2, 0], [2, 4, 1, 3, 0]] 
Generation 55 (14) (U.S: 7) -> [[4, 1, 3, 0, 2], [0, 2, 4, 1, 3], [4, 1, 3, 0, 2], [2, 0, 3, 1, 4], [2, 4, 1, 3, 0], [4, 2, 0, 3, 1], [3, 1, 4, 2, 0], [0, 3, 1, 4, 2], [4, 1, 3, 0, 2], [4, 2, 0, 3, 1], [3, 1, 4, 2, 0], [4, 2, 0, 3, 1], [3, 1, 4, 2, 0], [2, 4, 1, 3, 0]] 
Generation 56 (14) (U.S: 7) -> [[4, 1, 3, 0, 2], [0, 2, 4, 1, 3], [4, 1, 3, 0, 2], [2, 0, 3, 1, 4], [2, 4, 1, 3, 0], [4, 2, 0, 3, 1], [3, 1, 4, 2, 0], [0, 3, 1, 4, 2], [4, 1, 3, 0, 2], [4, 2, 0, 3, 1], [3, 1, 4, 2, 0], [4, 2, 0, 3, 1], [3, 1, 4, 2, 0], [2, 4, 1, 3, 0]] 
Generation 57 (14) (U.S: 7) -> [[4, 1, 3, 0, 2], [0, 2, 4, 1, 3], [4, 1, 3, 0, 2], [2, 0, 3, 1, 4], [2, 4, 1, 3, 0], [4, 2, 0, 3, 1], [3, 1, 4, 2, 0], [0, 3, 1, 4, 2], [4, 1, 3, 0, 2], [4, 2, 0, 3, 1], [3, 1, 4, 2, 0], [4, 2, 0, 3, 1], [3, 1, 4, 2, 0], [2, 4, 1, 3, 0]] 
Generation 58 (15) (U.S: 7) -> [[4, 1, 3, 0, 2], [3, 1, 4, 2, 0], [0, 2, 4, 1, 3], [4, 1, 3, 0, 2], [2, 0, 3, 1, 4], [2, 4, 1, 3, 0], [4, 2, 0, 3, 1], [3, 1, 4, 2, 0], [0, 3, 1, 4, 2], [4, 1, 3, 0, 2], [4, 2, 0, 3, 1], [3, 1, 4, 2, 0], [4, 2, 0, 3, 1], [3, 1, 4, 2, 0], [2, 4, 1, 3, 0]] 
Generation 59 (15) (U.S: 7) -> [[4, 1, 3, 0, 2], [3, 1, 4, 2, 0], [0, 2, 4, 1, 3], [4, 1, 3, 0, 2], [2, 0, 3, 1, 4], [2, 4, 1, 3, 0], [4, 2, 0, 3, 1], [3, 1, 4, 2, 0], [0, 3, 1, 4, 2], [4, 1, 3, 0, 2], [4, 2, 0, 3, 1], [3, 1, 4, 2, 0], [4, 2, 0, 3, 1], [3, 1, 4, 2, 0], [2, 4, 1, 3, 0]] 
Generation 60 (15) (U.S: 7) -> [[4, 1, 3, 0, 2], [3, 1, 4, 2, 0], [0, 2, 4, 1, 3], [4, 1, 3, 0, 2], [2, 0, 3, 1, 4], [2, 4, 1, 3, 0], [4, 2, 0, 3, 1], [3, 1, 4, 2, 0], [0, 3, 1, 4, 2], [4, 1, 3, 0, 2], [4, 2, 0, 3, 1], [3, 1, 4, 2, 0], [4, 2, 0, 3, 1], [3, 1, 4, 2, 0], [2, 4, 1, 3, 0]] 
Generation 61 (15) (U.S: 7) -> [[4, 1, 3, 0, 2], [3, 1, 4, 2, 0], [0, 2, 4, 1, 3], [4, 1, 3, 0, 2], [2, 0, 3, 1, 4], [2, 4, 1, 3, 0], [4, 2, 0, 3, 1], [3, 1, 4, 2, 0], [0, 3, 1, 4, 2], [4, 1, 3, 0, 2], [4, 2, 0, 3, 1], [3, 1, 4, 2, 0], [4, 2, 0, 3, 1], [3, 1, 4, 2, 0], [2, 4, 1, 3, 0]] 
Generation 62 (15) (U.S: 7) -> [[4, 1, 3, 0, 2], [3, 1, 4, 2, 0], [0, 2, 4, 1, 3], [4, 1, 3, 0, 2], [2, 0, 3, 1, 4], [2, 4, 1, 3, 0], [4, 2, 0, 3, 1], [3, 1, 4, 2, 0], [0, 3, 1, 4, 2], [4, 1, 3, 0, 2], [4, 2, 0, 3, 1], [3, 1, 4, 2, 0], [4, 2, 0, 3, 1], [3, 1, 4, 2, 0], [2, 4, 1, 3, 0]] 
Generation 63 (15) (U.S: 7) -> [[4, 1, 3, 0, 2], [3, 1, 4, 2, 0], [0, 2, 4, 1, 3], [4, 1, 3, 0, 2], [2, 0, 3, 1, 4], [2, 4, 1, 3, 0], [4, 2, 0, 3, 1], [3, 1, 4, 2, 0], [0, 3, 1, 4, 2], [4, 1, 3, 0, 2], [4, 2, 0, 3, 1], [3, 1, 4, 2, 0], [4, 2, 0, 3, 1], [3, 1, 4, 2, 0], [2, 4, 1, 3, 0]] 
Generation 64 (15) (U.S: 7) -> [[4, 1, 3, 0, 2], [3, 1, 4, 2, 0], [0, 2, 4, 1, 3], [4, 1, 3, 0, 2], [2, 0, 3, 1, 4], [2, 4, 1, 3, 0], [4, 2, 0, 3, 1], [3, 1, 4, 2, 0], [0, 3, 1, 4, 2], [4, 1, 3, 0, 2], [4, 2, 0, 3, 1], [3, 1, 4, 2, 0], [4, 2, 0, 3, 1], [3, 1, 4, 2, 0], [2, 4, 1, 3, 0]] 
Generation 65 (15) (U.S: 7) -> [[4, 1, 3, 0, 2], [3, 1, 4, 2, 0], [0, 2, 4, 1, 3], [4, 1, 3, 0, 2], [2, 0, 3, 1, 4], [2, 4, 1, 3, 0], [4, 2, 0, 3, 1], [3, 1, 4, 2, 0], [0, 3, 1, 4, 2], [4, 1, 3, 0, 2], [4, 2, 0, 3, 1], [3, 1, 4, 2, 0], [4, 2, 0, 3, 1], [3, 1, 4, 2, 0], [2, 4, 1, 3, 0]] 
Generation 66 (15) (U.S: 7) -> [[4, 1, 3, 0, 2], [3, 1, 4, 2, 0], [0, 2, 4, 1, 3], [4, 1, 3, 0, 2], [2, 0, 3, 1, 4], [2, 4, 1, 3, 0], [4, 2, 0, 3, 1], [3, 1, 4, 2, 0], [0, 3, 1, 4, 2], [4, 1, 3, 0, 2], [4, 2, 0, 3, 1], [3, 1, 4, 2, 0], [4, 2, 0, 3, 1], [3, 1, 4, 2, 0], [2, 4, 1, 3, 0]] 
Generation 67 (15) (U.S: 7) -> [[4, 1, 3, 0, 2], [3, 1, 4, 2, 0], [0, 2, 4, 1, 3], [4, 1, 3, 0, 2], [2, 0, 3, 1, 4], [2, 4, 1, 3, 0], [4, 2, 0, 3, 1], [3, 1, 4, 2, 0], [0, 3, 1, 4, 2], [4, 1, 3, 0, 2], [4, 2, 0, 3, 1], [3, 1, 4, 2, 0], [4, 2, 0, 3, 1], [3, 1, 4, 2, 0], [2, 4, 1, 3, 0]] 
Generation 68 (15) (U.S: 7) -> [[4, 1, 3, 0, 2], [3, 1, 4, 2, 0], [0, 2, 4, 1, 3], [4, 1, 3, 0, 2], [2, 0, 3, 1, 4], [2, 4, 1, 3, 0], [4, 2, 0, 3, 1], [3, 1, 4, 2, 0], [0, 3, 1, 4, 2], [4, 1, 3, 0, 2], [4, 2, 0, 3, 1], [3, 1, 4, 2, 0], [4, 2, 0, 3, 1], [3, 1, 4, 2, 0], [2, 4, 1, 3, 0]] 
Generation 69 (15) (U.S: 7) -> [[4, 1, 3, 0, 2], [3, 1, 4, 2, 0], [0, 2, 4, 1, 3], [4, 1, 3, 0, 2], [2, 0, 3, 1, 4], [2, 4, 1, 3, 0], [4, 2, 0, 3, 1], [3, 1, 4, 2, 0], [0, 3, 1, 4, 2], [4, 1, 3, 0, 2], [4, 2, 0, 3, 1], [3, 1, 4, 2, 0], [4, 2, 0, 3, 1], [3, 1, 4, 2, 0], [2, 4, 1, 3, 0]] 
Generation 70 (15) (U.S: 7) -> [[4, 1, 3, 0, 2], [3, 1, 4, 2, 0], [0, 2, 4, 1, 3], [4, 1, 3, 0, 2], [2, 0, 3, 1, 4], [2, 4, 1, 3, 0], [4, 2, 0, 3, 1], [3, 1, 4, 2, 0], [0, 3, 1, 4, 2], [4, 1, 3, 0, 2], [4, 2, 0, 3, 1], [3, 1, 4, 2, 0], [4, 2, 0, 3, 1], [3, 1, 4, 2, 0], [2, 4, 1, 3, 0]] 
Generation 71 (15) (U.S: 7) -> [[4, 1, 3, 0, 2], [3, 1, 4, 2, 0], [0, 2, 4, 1, 3], [4, 1, 3, 0, 2], [2, 0, 3, 1, 4], [2, 4, 1, 3, 0], [4, 2, 0, 3, 1], [3, 1, 4, 2, 0], [0, 3, 1, 4, 2], [4, 1, 3, 0, 2], [4, 2, 0, 3, 1], [3, 1, 4, 2, 0], [4, 2, 0, 3, 1], [3, 1, 4, 2, 0], [2, 4, 1, 3, 0]] 
Generation 72 (15) (U.S: 7) -> [[4, 1, 3, 0, 2], [3, 1, 4, 2, 0], [0, 2, 4, 1, 3], [4, 1, 3, 0, 2], [2, 0, 3, 1, 4], [2, 4, 1, 3, 0], [4, 2, 0, 3, 1], [3, 1, 4, 2, 0], [0, 3, 1, 4, 2], [4, 1, 3, 0, 2], [4, 2, 0, 3, 1], [3, 1, 4, 2, 0], [4, 2, 0, 3, 1], [3, 1, 4, 2, 0], [2, 4, 1, 3, 0]] 
Generation 73 (15) (U.S: 7) -> [[4, 1, 3, 0, 2], [3, 1, 4, 2, 0], [0, 2, 4, 1, 3], [4, 1, 3, 0, 2], [2, 0, 3, 1, 4], [2, 4, 1, 3, 0], [4, 2, 0, 3, 1], [3, 1, 4, 2, 0], [0, 3, 1, 4, 2], [4, 1, 3, 0, 2], [4, 2, 0, 3, 1], [3, 1, 4, 2, 0], [4, 2, 0, 3, 1], [3, 1, 4, 2, 0], [2, 4, 1, 3, 0]] 
Generation 74 (15) (U.S: 7) -> [[4, 1, 3, 0, 2], [3, 1, 4, 2, 0], [0, 2, 4, 1, 3], [4, 1, 3, 0, 2], [2, 0, 3, 1, 4], [2, 4, 1, 3, 0], [4, 2, 0, 3, 1], [3, 1, 4, 2, 0], [0, 3, 1, 4, 2], [4, 1, 3, 0, 2], [4, 2, 0, 3, 1], [3, 1, 4, 2, 0], [4, 2, 0, 3, 1], [3, 1, 4, 2, 0], [2, 4, 1, 3, 0]] 
Generation 75 (15) (U.S: 7) -> [[4, 1, 3, 0, 2], [3, 1, 4, 2, 0], [0, 2, 4, 1, 3], [4, 1, 3, 0, 2], [2, 0, 3, 1, 4], [2, 4, 1, 3, 0], [4, 2, 0, 3, 1], [3, 1, 4, 2, 0], [0, 3, 1, 4, 2], [4, 1, 3, 0, 2], [4, 2, 0, 3, 1], [3, 1, 4, 2, 0], [4, 2, 0, 3, 1], [3, 1, 4, 2, 0], [2, 4, 1, 3, 0]] 
Generation 76 (15) (U.S: 7) -> [[4, 1, 3, 0, 2], [3, 1, 4, 2, 0], [0, 2, 4, 1, 3], [4, 1, 3, 0, 2], [2, 0, 3, 1, 4], [2, 4, 1, 3, 0], [4, 2, 0, 3, 1], [3, 1, 4, 2, 0], [0, 3, 1, 4, 2], [4, 1, 3, 0, 2], [4, 2, 0, 3, 1], [3, 1, 4, 2, 0], [4, 2, 0, 3, 1], [3, 1, 4, 2, 0], [2, 4, 1, 3, 0]] 
Generation 77 (15) (U.S: 7) -> [[4, 1, 3, 0, 2], [3, 1, 4, 2, 0], [0, 2, 4, 1, 3], [4, 1, 3, 0, 2], [2, 0, 3, 1, 4], [2, 4, 1, 3, 0], [4, 2, 0, 3, 1], [3, 1, 4, 2, 0], [0, 3, 1, 4, 2], [4, 1, 3, 0, 2], [4, 2, 0, 3, 1], [3, 1, 4, 2, 0], [4, 2, 0, 3, 1], [3, 1, 4, 2, 0], [2, 4, 1, 3, 0]] 
Generation 78 (15) (U.S: 7) -> [[4, 1, 3, 0, 2], [3, 1, 4, 2, 0], [0, 2, 4, 1, 3], [4, 1, 3, 0, 2], [2, 0, 3, 1, 4], [2, 4, 1, 3, 0], [4, 2, 0, 3, 1], [3, 1, 4, 2, 0], [0, 3, 1, 4, 2], [4, 1, 3, 0, 2], [4, 2, 0, 3, 1], [3, 1, 4, 2, 0], [4, 2, 0, 3, 1], [3, 1, 4, 2, 0], [2, 4, 1, 3, 0]] 
Generation 79 (15) (U.S: 7) -> [[4, 1, 3, 0, 2], [3, 1, 4, 2, 0], [0, 2, 4, 1, 3], [4, 1, 3, 0, 2], [2, 0, 3, 1, 4], [2, 4, 1, 3, 0], [4, 2, 0, 3, 1], [3, 1, 4, 2, 0], [0, 3, 1, 4, 2], [4, 1, 3, 0, 2], [4, 2, 0, 3, 1], [3, 1, 4, 2, 0], [4, 2, 0, 3, 1], [3, 1, 4, 2, 0], [2, 4, 1, 3, 0]] 
Generation 80 (15) (U.S: 7) -> [[4, 1, 3, 0, 2], [3, 1, 4, 2, 0], [0, 2, 4, 1, 3], [4, 1, 3, 0, 2], [2, 0, 3, 1, 4], [2, 4, 1, 3, 0], [4, 2, 0, 3, 1], [3, 1, 4, 2, 0], [0, 3, 1, 4, 2], [4, 1, 3, 0, 2], [4, 2, 0, 3, 1], [3, 1, 4, 2, 0], [4, 2, 0, 3, 1], [3, 1, 4, 2, 0], [2, 4, 1, 3, 0]] 
Generation 81 (15) (U.S: 7) -> [[4, 1, 3, 0, 2], [3, 1, 4, 2, 0], [0, 2, 4, 1, 3], [4, 1, 3, 0, 2], [2, 0, 3, 1, 4], [2, 4, 1, 3, 0], [4, 2, 0, 3, 1], [3, 1, 4, 2, 0], [0, 3, 1, 4, 2], [4, 1, 3, 0, 2], [4, 2, 0, 3, 1], [3, 1, 4, 2, 0], [4, 2, 0, 3, 1], [3, 1, 4, 2, 0], [2, 4, 1, 3, 0]] 
Generation 82 (15) (U.S: 7) -> [[4, 1, 3, 0, 2], [3, 1, 4, 2, 0], [0, 2, 4, 1, 3], [4, 1, 3, 0, 2], [2, 0, 3, 1, 4], [2, 4, 1, 3, 0], [4, 2, 0, 3, 1], [3, 1, 4, 2, 0], [0, 3, 1, 4, 2], [4, 1, 3, 0, 2], [4, 2, 0, 3, 1], [3, 1, 4, 2, 0], [4, 2, 0, 3, 1], [3, 1, 4, 2, 0], [2, 4, 1, 3, 0]] 
Generation 83 (15) (U.S: 7) -> [[4, 1, 3, 0, 2], [3, 1, 4, 2, 0], [0, 2, 4, 1, 3], [4, 1, 3, 0, 2], [2, 0, 3, 1, 4], [2, 4, 1, 3, 0], [4, 2, 0, 3, 1], [3, 1, 4, 2, 0], [0, 3, 1, 4, 2], [4, 1, 3, 0, 2], [4, 2, 0, 3, 1], [3, 1, 4, 2, 0], [4, 2, 0, 3, 1], [3, 1, 4, 2, 0], [2, 4, 1, 3, 0]] 
Generation 84 (15) (U.S: 7) -> [[4, 1, 3, 0, 2], [3, 1, 4, 2, 0], [0, 2, 4, 1, 3], [4, 1, 3, 0, 2], [2, 0, 3, 1, 4], [2, 4, 1, 3, 0], [4, 2, 0, 3, 1], [3, 1, 4, 2, 0], [0, 3, 1, 4, 2], [4, 1, 3, 0, 2], [4, 2, 0, 3, 1], [3, 1, 4, 2, 0], [4, 2, 0, 3, 1], [3, 1, 4, 2, 0], [2, 4, 1, 3, 0]] 
Generation 85 (15) (U.S: 7) -> [[4, 1, 3, 0, 2], [3, 1, 4, 2, 0], [0, 2, 4, 1, 3], [4, 1, 3, 0, 2], [2, 0, 3, 1, 4], [2, 4, 1, 3, 0], [4, 2, 0, 3, 1], [3, 1, 4, 2, 0], [0, 3, 1, 4, 2], [4, 1, 3, 0, 2], [4, 2, 0, 3, 1], [3, 1, 4, 2, 0], [4, 2, 0, 3, 1], [3, 1, 4, 2, 0], [2, 4, 1, 3, 0]] 
Generation 86 (15) (U.S: 7) -> [[4, 1, 3, 0, 2], [3, 1, 4, 2, 0], [0, 2, 4, 1, 3], [4, 1, 3, 0, 2], [2, 0, 3, 1, 4], [2, 4, 1, 3, 0], [4, 2, 0, 3, 1], [3, 1, 4, 2, 0], [0, 3, 1, 4, 2], [4, 1, 3, 0, 2], [4, 2, 0, 3, 1], [3, 1, 4, 2, 0], [4, 2, 0, 3, 1], [3, 1, 4, 2, 0], [2, 4, 1, 3, 0]] 
Generation 87 (15) (U.S: 7) -> [[4, 1, 3, 0, 2], [3, 1, 4, 2, 0], [0, 2, 4, 1, 3], [4, 1, 3, 0, 2], [2, 0, 3, 1, 4], [2, 4, 1, 3, 0], [4, 2, 0, 3, 1], [3, 1, 4, 2, 0], [0, 3, 1, 4, 2], [4, 1, 3, 0, 2], [4, 2, 0, 3, 1], [3, 1, 4, 2, 0], [4, 2, 0, 3, 1], [3, 1, 4, 2, 0], [2, 4, 1, 3, 0]] 
Generation 88 (15) (U.S: 7) -> [[4, 1, 3, 0, 2], [3, 1, 4, 2, 0], [0, 2, 4, 1, 3], [4, 1, 3, 0, 2], [2, 0, 3, 1, 4], [2, 4, 1, 3, 0], [4, 2, 0, 3, 1], [3, 1, 4, 2, 0], [0, 3, 1, 4, 2], [4, 1, 3, 0, 2], [4, 2, 0, 3, 1], [3, 1, 4, 2, 0], [4, 2, 0, 3, 1], [3, 1, 4, 2, 0], [2, 4, 1, 3, 0]] 
Generation 89 (15) (U.S: 7) -> [[4, 1, 3, 0, 2], [3, 1, 4, 2, 0], [0, 2, 4, 1, 3], [4, 1, 3, 0, 2], [2, 0, 3, 1, 4], [2, 4, 1, 3, 0], [4, 2, 0, 3, 1], [3, 1, 4, 2, 0], [0, 3, 1, 4, 2], [4, 1, 3, 0, 2], [4, 2, 0, 3, 1], [3, 1, 4, 2, 0], [4, 2, 0, 3, 1], [3, 1, 4, 2, 0], [2, 4, 1, 3, 0]] 
Generation 90 (15) (U.S: 7) -> [[4, 1, 3, 0, 2], [3, 1, 4, 2, 0], [0, 2, 4, 1, 3], [4, 1, 3, 0, 2], [2, 0, 3, 1, 4], [2, 4, 1, 3, 0], [4, 2, 0, 3, 1], [3, 1, 4, 2, 0], [0, 3, 1, 4, 2], [4, 1, 3, 0, 2], [4, 2, 0, 3, 1], [3, 1, 4, 2, 0], [4, 2, 0, 3, 1], [3, 1, 4, 2, 0], [2, 4, 1, 3, 0]] 
Generation 91 (15) (U.S: 7) -> [[4, 1, 3, 0, 2], [3, 1, 4, 2, 0], [0, 2, 4, 1, 3], [4, 1, 3, 0, 2], [2, 0, 3, 1, 4], [2, 4, 1, 3, 0], [4, 2, 0, 3, 1], [3, 1, 4, 2, 0], [0, 3, 1, 4, 2], [4, 1, 3, 0, 2], [4, 2, 0, 3, 1], [3, 1, 4, 2, 0], [4, 2, 0, 3, 1], [3, 1, 4, 2, 0], [2, 4, 1, 3, 0]] 
Generation 92 (15) (U.S: 7) -> [[4, 1, 3, 0, 2], [3, 1, 4, 2, 0], [0, 2, 4, 1, 3], [4, 1, 3, 0, 2], [2, 0, 3, 1, 4], [2, 4, 1, 3, 0], [4, 2, 0, 3, 1], [3, 1, 4, 2, 0], [0, 3, 1, 4, 2], [4, 1, 3, 0, 2], [4, 2, 0, 3, 1], [3, 1, 4, 2, 0], [4, 2, 0, 3, 1], [3, 1, 4, 2, 0], [2, 4, 1, 3, 0]] 
Generation 93 (15) (U.S: 7) -> [[4, 1, 3, 0, 2], [3, 1, 4, 2, 0], [0, 2, 4, 1, 3], [4, 1, 3, 0, 2], [2, 0, 3, 1, 4], [2, 4, 1, 3, 0], [4, 2, 0, 3, 1], [3, 1, 4, 2, 0], [0, 3, 1, 4, 2], [4, 1, 3, 0, 2], [4, 2, 0, 3, 1], [3, 1, 4, 2, 0], [4, 2, 0, 3, 1], [3, 1, 4, 2, 0], [2, 4, 1, 3, 0]] 
Generation 94 (15) (U.S: 7) -> [[4, 1, 3, 0, 2], [3, 1, 4, 2, 0], [0, 2, 4, 1, 3], [4, 1, 3, 0, 2], [2, 0, 3, 1, 4], [2, 4, 1, 3, 0], [4, 2, 0, 3, 1], [3, 1, 4, 2, 0], [0, 3, 1, 4, 2], [4, 1, 3, 0, 2], [4, 2, 0, 3, 1], [3, 1, 4, 2, 0], [4, 2, 0, 3, 1], [3, 1, 4, 2, 0], [2, 4, 1, 3, 0]] 
Generation 95 (15) (U.S: 7) -> [[4, 1, 3, 0, 2], [3, 1, 4, 2, 0], [0, 2, 4, 1, 3], [4, 1, 3, 0, 2], [2, 0, 3, 1, 4], [2, 4, 1, 3, 0], [4, 2, 0, 3, 1], [3, 1, 4, 2, 0], [0, 3, 1, 4, 2], [4, 1, 3, 0, 2], [4, 2, 0, 3, 1], [3, 1, 4, 2, 0], [4, 2, 0, 3, 1], [3, 1, 4, 2, 0], [2, 4, 1, 3, 0]] 
Generation 96 (15) (U.S: 7) -> [[4, 1, 3, 0, 2], [3, 1, 4, 2, 0], [0, 2, 4, 1, 3], [4, 1, 3, 0, 2], [2, 0, 3, 1, 4], [2, 4, 1, 3, 0], [4, 2, 0, 3, 1], [3, 1, 4, 2, 0], [0, 3, 1, 4, 2], [4, 1, 3, 0, 2], [4, 2, 0, 3, 1], [3, 1, 4, 2, 0], [4, 2, 0, 3, 1], [3, 1, 4, 2, 0], [2, 4, 1, 3, 0]] 
Generation 97 (15) (U.S: 7) -> [[4, 1, 3, 0, 2], [3, 1, 4, 2, 0], [0, 2, 4, 1, 3], [4, 1, 3, 0, 2], [2, 0, 3, 1, 4], [2, 4, 1, 3, 0], [4, 2, 0, 3, 1], [3, 1, 4, 2, 0], [0, 3, 1, 4, 2], [4, 1, 3, 0, 2], [4, 2, 0, 3, 1], [3, 1, 4, 2, 0], [4, 2, 0, 3, 1], [3, 1, 4, 2, 0], [2, 4, 1, 3, 0]] 
Generation 98 (15) (U.S: 7) -> [[4, 1, 3, 0, 2], [3, 1, 4, 2, 0], [0, 2, 4, 1, 3], [4, 1, 3, 0, 2], [2, 0, 3, 1, 4], [2, 4, 1, 3, 0], [4, 2, 0, 3, 1], [3, 1, 4, 2, 0], [0, 3, 1, 4, 2], [4, 1, 3, 0, 2], [4, 2, 0, 3, 1], [3, 1, 4, 2, 0], [4, 2, 0, 3, 1], [3, 1, 4, 2, 0], [2, 4, 1, 3, 0]] 
Generation 99 (15) (U.S: 7) -> [[4, 1, 3, 0, 2], [3, 1, 4, 2, 0], [0, 2, 4, 1, 3], [4, 1, 3, 0, 2], [2, 0, 3, 1, 4], [2, 4, 1, 3, 0], [4, 2, 0, 3, 1], [3, 1, 4, 2, 0], [0, 3, 1, 4, 2], [4, 1, 3, 0, 2], [4, 2, 0, 3, 1], [3, 1, 4, 2, 0], [4, 2, 0, 3, 1], [3, 1, 4, 2, 0], [2, 4, 1, 3, 0]] 
Generation 100 (15) (U.S: 7) -> [[4, 1, 3, 0, 2], [3, 1, 4, 2, 0], [0, 2, 4, 1, 3], [4, 1, 3, 0, 2], [2, 0, 3, 1, 4], [2, 4, 1, 3, 0], [4, 2, 0, 3, 1], [3, 1, 4, 2, 0], [0, 3, 1, 4, 2], [4, 1, 3, 0, 2], [4, 2, 0, 3, 1], [3, 1, 4, 2, 0], [4, 2, 0, 3, 1], [3, 1, 4, 2, 0], [2, 4, 1, 3, 0]] 
------------------------------------ 
The 7 solutions found are: 
4
1
3
0
2
3
1
4
2
0
0
2
4
1
3
2
0
3
1
4
2
4
1
3
0
4
2
0
3
1
0
3
1
4
2
