Objective Function: Diversity 
lengthPopulation: 100 
lengthChromosome: 4 
lengthMatingPool: 80 
generations:  100 
------------------------------------ 
Selection Method: Tournament 
Reproduction Method: Cross and mutation 
Replacement Selection Method: Weakest Replacement 

Results: 
Generation 1 (9) (U.S: 2) -> [[2, 0, 3, 1], [2, 0, 3, 1], [1, 3, 0, 2], [2, 0, 3, 1], [2, 0, 3, 1], [1, 3, 0, 2], [2, 0, 3, 1], [1, 3, 0, 2], [1, 3, 0, 2]] 
Generation 2 (9) (U.S: 2) -> [[2, 0, 3, 1], [2, 0, 3, 1], [1, 3, 0, 2], [2, 0, 3, 1], [2, 0, 3, 1], [1, 3, 0, 2], [2, 0, 3, 1], [1, 3, 0, 2], [1, 3, 0, 2]] 
Generation 3 (9) (U.S: 2) -> [[2, 0, 3, 1], [2, 0, 3, 1], [1, 3, 0, 2], [2, 0, 3, 1], [2, 0, 3, 1], [1, 3, 0, 2], [2, 0, 3, 1], [1, 3, 0, 2], [1, 3, 0, 2]] 
Generation 4 (9) (U.S: 2) -> [[2, 0, 3, 1], [2, 0, 3, 1], [1, 3, 0, 2], [2, 0, 3, 1], [2, 0, 3, 1], [1, 3, 0, 2], [2, 0, 3, 1], [1, 3, 0, 2], [1, 3, 0, 2]] 
Generation 5 (9) (U.S: 2) -> [[2, 0, 3, 1], [2, 0, 3, 1], [1, 3, 0, 2], [2, 0, 3, 1], [2, 0, 3, 1], [1, 3, 0, 2], [2, 0, 3, 1], [1, 3, 0, 2], [1, 3, 0, 2]] 
Generation 6 (9) (U.S: 2) -> [[2, 0, 3, 1], [2, 0, 3, 1], [1, 3, 0, 2], [2, 0, 3, 1], [2, 0, 3, 1], [1, 3, 0, 2], [2, 0, 3, 1], [1, 3, 0, 2], [1, 3, 0, 2]] 
Generation 7 (9) (U.S: 2) -> [[2, 0, 3, 1], [2, 0, 3, 1], [1, 3, 0, 2], [2, 0, 3, 1], [2, 0, 3, 1], [1, 3, 0, 2], [2, 0, 3, 1], [1, 3, 0, 2], [1, 3, 0, 2]] 
Generation 8 (9) (U.S: 2) -> [[2, 0, 3, 1], [2, 0, 3, 1], [1, 3, 0, 2], [2, 0, 3, 1], [2, 0, 3, 1], [1, 3, 0, 2], [2, 0, 3, 1], [1, 3, 0, 2], [1, 3, 0, 2]] 
Generation 9 (9) (U.S: 2) -> [[2, 0, 3, 1], [2, 0, 3, 1], [1, 3, 0, 2], [2, 0, 3, 1], [2, 0, 3, 1], [1, 3, 0, 2], [2, 0, 3, 1], [1, 3, 0, 2], [1, 3, 0, 2]] 
Generation 10 (9) (U.S: 2) -> [[2, 0, 3, 1], [2, 0, 3, 1], [1, 3, 0, 2], [2, 0, 3, 1], [2, 0, 3, 1], [1, 3, 0, 2], [2, 0, 3, 1], [1, 3, 0, 2], [1, 3, 0, 2]] 
Generation 11 (9) (U.S: 2) -> [[2, 0, 3, 1], [2, 0, 3, 1], [1, 3, 0, 2], [2, 0, 3, 1], [2, 0, 3, 1], [1, 3, 0, 2], [2, 0, 3, 1], [1, 3, 0, 2], [1, 3, 0, 2]] 
Generation 12 (9) (U.S: 2) -> [[2, 0, 3, 1], [2, 0, 3, 1], [1, 3, 0, 2], [2, 0, 3, 1], [2, 0, 3, 1], [1, 3, 0, 2], [2, 0, 3, 1], [1, 3, 0, 2], [1, 3, 0, 2]] 
Generation 13 (9) (U.S: 2) -> [[2, 0, 3, 1], [2, 0, 3, 1], [1, 3, 0, 2], [2, 0, 3, 1], [2, 0, 3, 1], [1, 3, 0, 2], [2, 0, 3, 1], [1, 3, 0, 2], [1, 3, 0, 2]] 
Generation 14 (9) (U.S: 2) -> [[2, 0, 3, 1], [2, 0, 3, 1], [1, 3, 0, 2], [2, 0, 3, 1], [2, 0, 3, 1], [1, 3, 0, 2], [2, 0, 3, 1], [1, 3, 0, 2], [1, 3, 0, 2]] 
Generation 15 (9) (U.S: 2) -> [[2, 0, 3, 1], [2, 0, 3, 1], [1, 3, 0, 2], [2, 0, 3, 1], [2, 0, 3, 1], [1, 3, 0, 2], [2, 0, 3, 1], [1, 3, 0, 2], [1, 3, 0, 2]] 
Generation 16 (9) (U.S: 2) -> [[2, 0, 3, 1], [2, 0, 3, 1], [1, 3, 0, 2], [2, 0, 3, 1], [2, 0, 3, 1], [1, 3, 0, 2], [2, 0, 3, 1], [1, 3, 0, 2], [1, 3, 0, 2]] 
Generation 17 (9) (U.S: 2) -> [[2, 0, 3, 1], [2, 0, 3, 1], [1, 3, 0, 2], [2, 0, 3, 1], [2, 0, 3, 1], [1, 3, 0, 2], [2, 0, 3, 1], [1, 3, 0, 2], [1, 3, 0, 2]] 
Generation 18 (10) (U.S: 2) -> [[2, 0, 3, 1], [2, 0, 3, 1], [2, 0, 3, 1], [1, 3, 0, 2], [2, 0, 3, 1], [2, 0, 3, 1], [1, 3, 0, 2], [2, 0, 3, 1], [1, 3, 0, 2], [1, 3, 0, 2]] 
Generation 19 (10) (U.S: 2) -> [[2, 0, 3, 1], [2, 0, 3, 1], [2, 0, 3, 1], [1, 3, 0, 2], [2, 0, 3, 1], [2, 0, 3, 1], [1, 3, 0, 2], [2, 0, 3, 1], [1, 3, 0, 2], [1, 3, 0, 2]] 
Generation 20 (10) (U.S: 2) -> [[2, 0, 3, 1], [2, 0, 3, 1], [2, 0, 3, 1], [1, 3, 0, 2], [2, 0, 3, 1], [2, 0, 3, 1], [1, 3, 0, 2], [2, 0, 3, 1], [1, 3, 0, 2], [1, 3, 0, 2]] 
Generation 21 (10) (U.S: 2) -> [[2, 0, 3, 1], [2, 0, 3, 1], [2, 0, 3, 1], [1, 3, 0, 2], [2, 0, 3, 1], [2, 0, 3, 1], [1, 3, 0, 2], [2, 0, 3, 1], [1, 3, 0, 2], [1, 3, 0, 2]] 
Generation 22 (10) (U.S: 2) -> [[2, 0, 3, 1], [2, 0, 3, 1], [2, 0, 3, 1], [1, 3, 0, 2], [2, 0, 3, 1], [2, 0, 3, 1], [1, 3, 0, 2], [2, 0, 3, 1], [1, 3, 0, 2], [1, 3, 0, 2]] 
Generation 23 (10) (U.S: 2) -> [[2, 0, 3, 1], [2, 0, 3, 1], [2, 0, 3, 1], [1, 3, 0, 2], [2, 0, 3, 1], [2, 0, 3, 1], [1, 3, 0, 2], [2, 0, 3, 1], [1, 3, 0, 2], [1, 3, 0, 2]] 
Generation 24 (10) (U.S: 2) -> [[2, 0, 3, 1], [2, 0, 3, 1], [2, 0, 3, 1], [1, 3, 0, 2], [2, 0, 3, 1], [2, 0, 3, 1], [1, 3, 0, 2], [2, 0, 3, 1], [1, 3, 0, 2], [1, 3, 0, 2]] 
Generation 25 (10) (U.S: 2) -> [[2, 0, 3, 1], [2, 0, 3, 1], [2, 0, 3, 1], [1, 3, 0, 2], [2, 0, 3, 1], [2, 0, 3, 1], [1, 3, 0, 2], [2, 0, 3, 1], [1, 3, 0, 2], [1, 3, 0, 2]] 
Generation 26 (10) (U.S: 2) -> [[2, 0, 3, 1], [2, 0, 3, 1], [2, 0, 3, 1], [1, 3, 0, 2], [2, 0, 3, 1], [2, 0, 3, 1], [1, 3, 0, 2], [2, 0, 3, 1], [1, 3, 0, 2], [1, 3, 0, 2]] 
Generation 27 (10) (U.S: 2) -> [[2, 0, 3, 1], [2, 0, 3, 1], [2, 0, 3, 1], [1, 3, 0, 2], [2, 0, 3, 1], [2, 0, 3, 1], [1, 3, 0, 2], [2, 0, 3, 1], [1, 3, 0, 2], [1, 3, 0, 2]] 
Generation 28 (10) (U.S: 2) -> [[2, 0, 3, 1], [2, 0, 3, 1], [2, 0, 3, 1], [1, 3, 0, 2], [2, 0, 3, 1], [2, 0, 3, 1], [1, 3, 0, 2], [2, 0, 3, 1], [1, 3, 0, 2], [1, 3, 0, 2]] 
Generation 29 (11) (U.S: 2) -> [[2, 0, 3, 1], [1, 3, 0, 2], [2, 0, 3, 1], [2, 0, 3, 1], [1, 3, 0, 2], [2, 0, 3, 1], [2, 0, 3, 1], [1, 3, 0, 2], [2, 0, 3, 1], [1, 3, 0, 2], [1, 3, 0, 2]] 
Generation 30 (11) (U.S: 2) -> [[2, 0, 3, 1], [1, 3, 0, 2], [2, 0, 3, 1], [2, 0, 3, 1], [1, 3, 0, 2], [2, 0, 3, 1], [2, 0, 3, 1], [1, 3, 0, 2], [2, 0, 3, 1], [1, 3, 0, 2], [1, 3, 0, 2]] 
Generation 31 (11) (U.S: 2) -> [[2, 0, 3, 1], [1, 3, 0, 2], [2, 0, 3, 1], [2, 0, 3, 1], [1, 3, 0, 2], [2, 0, 3, 1], [2, 0, 3, 1], [1, 3, 0, 2], [2, 0, 3, 1], [1, 3, 0, 2], [1, 3, 0, 2]] 
Generation 32 (11) (U.S: 2) -> [[2, 0, 3, 1], [1, 3, 0, 2], [2, 0, 3, 1], [2, 0, 3, 1], [1, 3, 0, 2], [2, 0, 3, 1], [2, 0, 3, 1], [1, 3, 0, 2], [2, 0, 3, 1], [1, 3, 0, 2], [1, 3, 0, 2]] 
Generation 33 (11) (U.S: 2) -> [[2, 0, 3, 1], [1, 3, 0, 2], [2, 0, 3, 1], [2, 0, 3, 1], [1, 3, 0, 2], [2, 0, 3, 1], [2, 0, 3, 1], [1, 3, 0, 2], [2, 0, 3, 1], [1, 3, 0, 2], [1, 3, 0, 2]] 
Generation 34 (11) (U.S: 2) -> [[2, 0, 3, 1], [1, 3, 0, 2], [2, 0, 3, 1], [2, 0, 3, 1], [1, 3, 0, 2], [2, 0, 3, 1], [2, 0, 3, 1], [1, 3, 0, 2], [2, 0, 3, 1], [1, 3, 0, 2], [1, 3, 0, 2]] 
Generation 35 (11) (U.S: 2) -> [[2, 0, 3, 1], [1, 3, 0, 2], [2, 0, 3, 1], [2, 0, 3, 1], [1, 3, 0, 2], [2, 0, 3, 1], [2, 0, 3, 1], [1, 3, 0, 2], [2, 0, 3, 1], [1, 3, 0, 2], [1, 3, 0, 2]] 
Generation 36 (11) (U.S: 2) -> [[2, 0, 3, 1], [1, 3, 0, 2], [2, 0, 3, 1], [2, 0, 3, 1], [1, 3, 0, 2], [2, 0, 3, 1], [2, 0, 3, 1], [1, 3, 0, 2], [2, 0, 3, 1], [1, 3, 0, 2], [1, 3, 0, 2]] 
Generation 37 (11) (U.S: 2) -> [[2, 0, 3, 1], [1, 3, 0, 2], [2, 0, 3, 1], [2, 0, 3, 1], [1, 3, 0, 2], [2, 0, 3, 1], [2, 0, 3, 1], [1, 3, 0, 2], [2, 0, 3, 1], [1, 3, 0, 2], [1, 3, 0, 2]] 
Generation 38 (11) (U.S: 2) -> [[2, 0, 3, 1], [1, 3, 0, 2], [2, 0, 3, 1], [2, 0, 3, 1], [1, 3, 0, 2], [2, 0, 3, 1], [2, 0, 3, 1], [1, 3, 0, 2], [2, 0, 3, 1], [1, 3, 0, 2], [1, 3, 0, 2]] 
Generation 39 (11) (U.S: 2) -> [[2, 0, 3, 1], [1, 3, 0, 2], [2, 0, 3, 1], [2, 0, 3, 1], [1, 3, 0, 2], [2, 0, 3, 1], [2, 0, 3, 1], [1, 3, 0, 2], [2, 0, 3, 1], [1, 3, 0, 2], [1, 3, 0, 2]] 
Generation 40 (11) (U.S: 2) -> [[2, 0, 3, 1], [1, 3, 0, 2], [2, 0, 3, 1], [2, 0, 3, 1], [1, 3, 0, 2], [2, 0, 3, 1], [2, 0, 3, 1], [1, 3, 0, 2], [2, 0, 3, 1], [1, 3, 0, 2], [1, 3, 0, 2]] 
Generation 41 (11) (U.S: 2) -> [[2, 0, 3, 1], [1, 3, 0, 2], [2, 0, 3, 1], [2, 0, 3, 1], [1, 3, 0, 2], [2, 0, 3, 1], [2, 0, 3, 1], [1, 3, 0, 2], [2, 0, 3, 1], [1, 3, 0, 2], [1, 3, 0, 2]] 
Generation 42 (11) (U.S: 2) -> [[2, 0, 3, 1], [1, 3, 0, 2], [2, 0, 3, 1], [2, 0, 3, 1], [1, 3, 0, 2], [2, 0, 3, 1], [2, 0, 3, 1], [1, 3, 0, 2], [2, 0, 3, 1], [1, 3, 0, 2], [1, 3, 0, 2]] 
Generation 43 (11) (U.S: 2) -> [[2, 0, 3, 1], [1, 3, 0, 2], [2, 0, 3, 1], [2, 0, 3, 1], [1, 3, 0, 2], [2, 0, 3, 1], [2, 0, 3, 1], [1, 3, 0, 2], [2, 0, 3, 1], [1, 3, 0, 2], [1, 3, 0, 2]] 
Generation 44 (11) (U.S: 2) -> [[2, 0, 3, 1], [1, 3, 0, 2], [2, 0, 3, 1], [2, 0, 3, 1], [1, 3, 0, 2], [2, 0, 3, 1], [2, 0, 3, 1], [1, 3, 0, 2], [2, 0, 3, 1], [1, 3, 0, 2], [1, 3, 0, 2]] 
Generation 45 (11) (U.S: 2) -> [[2, 0, 3, 1], [1, 3, 0, 2], [2, 0, 3, 1], [2, 0, 3, 1], [1, 3, 0, 2], [2, 0, 3, 1], [2, 0, 3, 1], [1, 3, 0, 2], [2, 0, 3, 1], [1, 3, 0, 2], [1, 3, 0, 2]] 
Generation 46 (11) (U.S: 2) -> [[2, 0, 3, 1], [1, 3, 0, 2], [2, 0, 3, 1], [2, 0, 3, 1], [1, 3, 0, 2], [2, 0, 3, 1], [2, 0, 3, 1], [1, 3, 0, 2], [2, 0, 3, 1], [1, 3, 0, 2], [1, 3, 0, 2]] 
Generation 47 (12) (U.S: 2) -> [[2, 0, 3, 1], [1, 3, 0, 2], [1, 3, 0, 2], [2, 0, 3, 1], [2, 0, 3, 1], [1, 3, 0, 2], [2, 0, 3, 1], [2, 0, 3, 1], [1, 3, 0, 2], [2, 0, 3, 1], [1, 3, 0, 2], [1, 3, 0, 2]] 
Generation 48 (12) (U.S: 2) -> [[2, 0, 3, 1], [1, 3, 0, 2], [1, 3, 0, 2], [2, 0, 3, 1], [2, 0, 3, 1], [1, 3, 0, 2], [2, 0, 3, 1], [2, 0, 3, 1], [1, 3, 0, 2], [2, 0, 3, 1], [1, 3, 0, 2], [1, 3, 0, 2]] 
Generation 49 (12) (U.S: 2) -> [[2, 0, 3, 1], [1, 3, 0, 2], [1, 3, 0, 2], [2, 0, 3, 1], [2, 0, 3, 1], [1, 3, 0, 2], [2, 0, 3, 1], [2, 0, 3, 1], [1, 3, 0, 2], [2, 0, 3, 1], [1, 3, 0, 2], [1, 3, 0, 2]] 
Generation 50 (12) (U.S: 2) -> [[2, 0, 3, 1], [1, 3, 0, 2], [1, 3, 0, 2], [2, 0, 3, 1], [2, 0, 3, 1], [1, 3, 0, 2], [2, 0, 3, 1], [2, 0, 3, 1], [1, 3, 0, 2], [2, 0, 3, 1], [1, 3, 0, 2], [1, 3, 0, 2]] 
Generation 51 (12) (U.S: 2) -> [[2, 0, 3, 1], [1, 3, 0, 2], [1, 3, 0, 2], [2, 0, 3, 1], [2, 0, 3, 1], [1, 3, 0, 2], [2, 0, 3, 1], [2, 0, 3, 1], [1, 3, 0, 2], [2, 0, 3, 1], [1, 3, 0, 2], [1, 3, 0, 2]] 
Generation 52 (12) (U.S: 2) -> [[2, 0, 3, 1], [1, 3, 0, 2], [1, 3, 0, 2], [2, 0, 3, 1], [2, 0, 3, 1], [1, 3, 0, 2], [2, 0, 3, 1], [2, 0, 3, 1], [1, 3, 0, 2], [2, 0, 3, 1], [1, 3, 0, 2], [1, 3, 0, 2]] 
Generation 53 (12) (U.S: 2) -> [[2, 0, 3, 1], [1, 3, 0, 2], [1, 3, 0, 2], [2, 0, 3, 1], [2, 0, 3, 1], [1, 3, 0, 2], [2, 0, 3, 1], [2, 0, 3, 1], [1, 3, 0, 2], [2, 0, 3, 1], [1, 3, 0, 2], [1, 3, 0, 2]] 
Generation 54 (12) (U.S: 2) -> [[2, 0, 3, 1], [1, 3, 0, 2], [1, 3, 0, 2], [2, 0, 3, 1], [2, 0, 3, 1], [1, 3, 0, 2], [2, 0, 3, 1], [2, 0, 3, 1], [1, 3, 0, 2], [2, 0, 3, 1], [1, 3, 0, 2], [1, 3, 0, 2]] 
Generation 55 (12) (U.S: 2) -> [[2, 0, 3, 1], [1, 3, 0, 2], [1, 3, 0, 2], [2, 0, 3, 1], [2, 0, 3, 1], [1, 3, 0, 2], [2, 0, 3, 1], [2, 0, 3, 1], [1, 3, 0, 2], [2, 0, 3, 1], [1, 3, 0, 2], [1, 3, 0, 2]] 
Generation 56 (12) (U.S: 2) -> [[2, 0, 3, 1], [1, 3, 0, 2], [1, 3, 0, 2], [2, 0, 3, 1], [2, 0, 3, 1], [1, 3, 0, 2], [2, 0, 3, 1], [2, 0, 3, 1], [1, 3, 0, 2], [2, 0, 3, 1], [1, 3, 0, 2], [1, 3, 0, 2]] 
Generation 57 (12) (U.S: 2) -> [[2, 0, 3, 1], [1, 3, 0, 2], [1, 3, 0, 2], [2, 0, 3, 1], [2, 0, 3, 1], [1, 3, 0, 2], [2, 0, 3, 1], [2, 0, 3, 1], [1, 3, 0, 2], [2, 0, 3, 1], [1, 3, 0, 2], [1, 3, 0, 2]] 
Generation 58 (12) (U.S: 2) -> [[2, 0, 3, 1], [1, 3, 0, 2], [1, 3, 0, 2], [2, 0, 3, 1], [2, 0, 3, 1], [1, 3, 0, 2], [2, 0, 3, 1], [2, 0, 3, 1], [1, 3, 0, 2], [2, 0, 3, 1], [1, 3, 0, 2], [1, 3, 0, 2]] 
Generation 59 (12) (U.S: 2) -> [[2, 0, 3, 1], [1, 3, 0, 2], [1, 3, 0, 2], [2, 0, 3, 1], [2, 0, 3, 1], [1, 3, 0, 2], [2, 0, 3, 1], [2, 0, 3, 1], [1, 3, 0, 2], [2, 0, 3, 1], [1, 3, 0, 2], [1, 3, 0, 2]] 
Generation 60 (13) (U.S: 2) -> [[2, 0, 3, 1], [1, 3, 0, 2], [1, 3, 0, 2], [2, 0, 3, 1], [2, 0, 3, 1], [1, 3, 0, 2], [1, 3, 0, 2], [2, 0, 3, 1], [2, 0, 3, 1], [1, 3, 0, 2], [2, 0, 3, 1], [1, 3, 0, 2], [1, 3, 0, 2]] 
Generation 61 (13) (U.S: 2) -> [[2, 0, 3, 1], [1, 3, 0, 2], [1, 3, 0, 2], [2, 0, 3, 1], [2, 0, 3, 1], [1, 3, 0, 2], [1, 3, 0, 2], [2, 0, 3, 1], [2, 0, 3, 1], [1, 3, 0, 2], [2, 0, 3, 1], [1, 3, 0, 2], [1, 3, 0, 2]] 
Generation 62 (13) (U.S: 2) -> [[2, 0, 3, 1], [1, 3, 0, 2], [1, 3, 0, 2], [2, 0, 3, 1], [2, 0, 3, 1], [1, 3, 0, 2], [1, 3, 0, 2], [2, 0, 3, 1], [2, 0, 3, 1], [1, 3, 0, 2], [2, 0, 3, 1], [1, 3, 0, 2], [1, 3, 0, 2]] 
Generation 63 (13) (U.S: 2) -> [[2, 0, 3, 1], [1, 3, 0, 2], [1, 3, 0, 2], [2, 0, 3, 1], [2, 0, 3, 1], [1, 3, 0, 2], [1, 3, 0, 2], [2, 0, 3, 1], [2, 0, 3, 1], [1, 3, 0, 2], [2, 0, 3, 1], [1, 3, 0, 2], [1, 3, 0, 2]] 
Generation 64 (13) (U.S: 2) -> [[2, 0, 3, 1], [1, 3, 0, 2], [1, 3, 0, 2], [2, 0, 3, 1], [2, 0, 3, 1], [1, 3, 0, 2], [1, 3, 0, 2], [2, 0, 3, 1], [2, 0, 3, 1], [1, 3, 0, 2], [2, 0, 3, 1], [1, 3, 0, 2], [1, 3, 0, 2]] 
Generation 65 (13) (U.S: 2) -> [[2, 0, 3, 1], [1, 3, 0, 2], [1, 3, 0, 2], [2, 0, 3, 1], [2, 0, 3, 1], [1, 3, 0, 2], [1, 3, 0, 2], [2, 0, 3, 1], [2, 0, 3, 1], [1, 3, 0, 2], [2, 0, 3, 1], [1, 3, 0, 2], [1, 3, 0, 2]] 
Generation 66 (13) (U.S: 2) -> [[2, 0, 3, 1], [1, 3, 0, 2], [1, 3, 0, 2], [2, 0, 3, 1], [2, 0, 3, 1], [1, 3, 0, 2], [1, 3, 0, 2], [2, 0, 3, 1], [2, 0, 3, 1], [1, 3, 0, 2], [2, 0, 3, 1], [1, 3, 0, 2], [1, 3, 0, 2]] 
Generation 67 (13) (U.S: 2) -> [[2, 0, 3, 1], [1, 3, 0, 2], [1, 3, 0, 2], [2, 0, 3, 1], [2, 0, 3, 1], [1, 3, 0, 2], [1, 3, 0, 2], [2, 0, 3, 1], [2, 0, 3, 1], [1, 3, 0, 2], [2, 0, 3, 1], [1, 3, 0, 2], [1, 3, 0, 2]] 
Generation 68 (13) (U.S: 2) -> [[2, 0, 3, 1], [1, 3, 0, 2], [1, 3, 0, 2], [2, 0, 3, 1], [2, 0, 3, 1], [1, 3, 0, 2], [1, 3, 0, 2], [2, 0, 3, 1], [2, 0, 3, 1], [1, 3, 0, 2], [2, 0, 3, 1], [1, 3, 0, 2], [1, 3, 0, 2]] 
Generation 69 (13) (U.S: 2) -> [[2, 0, 3, 1], [1, 3, 0, 2], [1, 3, 0, 2], [2, 0, 3, 1], [2, 0, 3, 1], [1, 3, 0, 2], [1, 3, 0, 2], [2, 0, 3, 1], [2, 0, 3, 1], [1, 3, 0, 2], [2, 0, 3, 1], [1, 3, 0, 2], [1, 3, 0, 2]] 
Generation 70 (14) (U.S: 2) -> [[2, 0, 3, 1], [1, 3, 0, 2], [1, 3, 0, 2], [2, 0, 3, 1], [2, 0, 3, 1], [1, 3, 0, 2], [1, 3, 0, 2], [1, 3, 0, 2], [2, 0, 3, 1], [2, 0, 3, 1], [1, 3, 0, 2], [2, 0, 3, 1], [1, 3, 0, 2], [1, 3, 0, 2]] 
Generation 71 (14) (U.S: 2) -> [[2, 0, 3, 1], [1, 3, 0, 2], [1, 3, 0, 2], [2, 0, 3, 1], [2, 0, 3, 1], [1, 3, 0, 2], [1, 3, 0, 2], [1, 3, 0, 2], [2, 0, 3, 1], [2, 0, 3, 1], [1, 3, 0, 2], [2, 0, 3, 1], [1, 3, 0, 2], [1, 3, 0, 2]] 
Generation 72 (14) (U.S: 2) -> [[2, 0, 3, 1], [1, 3, 0, 2], [1, 3, 0, 2], [2, 0, 3, 1], [2, 0, 3, 1], [1, 3, 0, 2], [1, 3, 0, 2], [1, 3, 0, 2], [2, 0, 3, 1], [2, 0, 3, 1], [1, 3, 0, 2], [2, 0, 3, 1], [1, 3, 0, 2], [1, 3, 0, 2]] 
Generation 73 (14) (U.S: 2) -> [[2, 0, 3, 1], [1, 3, 0, 2], [1, 3, 0, 2], [2, 0, 3, 1], [2, 0, 3, 1], [1, 3, 0, 2], [1, 3, 0, 2], [1, 3, 0, 2], [2, 0, 3, 1], [2, 0, 3, 1], [1, 3, 0, 2], [2, 0, 3, 1], [1, 3, 0, 2], [1, 3, 0, 2]] 
Generation 74 (14) (U.S: 2) -> [[2, 0, 3, 1], [1, 3, 0, 2], [1, 3, 0, 2], [2, 0, 3, 1], [2, 0, 3, 1], [1, 3, 0, 2], [1, 3, 0, 2], [1, 3, 0, 2], [2, 0, 3, 1], [2, 0, 3, 1], [1, 3, 0, 2], [2, 0, 3, 1], [1, 3, 0, 2], [1, 3, 0, 2]] 
Generation 75 (14) (U.S: 2) -> [[2, 0, 3, 1], [1, 3, 0, 2], [1, 3, 0, 2], [2, 0, 3, 1], [2, 0, 3, 1], [1, 3, 0, 2], [1, 3, 0, 2], [1, 3, 0, 2], [2, 0, 3, 1], [2, 0, 3, 1], [1, 3, 0, 2], [2, 0, 3, 1], [1, 3, 0, 2], [1, 3, 0, 2]] 
Generation 76 (14) (U.S: 2) -> [[2, 0, 3, 1], [1, 3, 0, 2], [1, 3, 0, 2], [2, 0, 3, 1], [2, 0, 3, 1], [1, 3, 0, 2], [1, 3, 0, 2], [1, 3, 0, 2], [2, 0, 3, 1], [2, 0, 3, 1], [1, 3, 0, 2], [2, 0, 3, 1], [1, 3, 0, 2], [1, 3, 0, 2]] 
Generation 77 (14) (U.S: 2) -> [[2, 0, 3, 1], [1, 3, 0, 2], [1, 3, 0, 2], [2, 0, 3, 1], [2, 0, 3, 1], [1, 3, 0, 2], [1, 3, 0, 2], [1, 3, 0, 2], [2, 0, 3, 1], [2, 0, 3, 1], [1, 3, 0, 2], [2, 0, 3, 1], [1, 3, 0, 2], [1, 3, 0, 2]] 
Generation 78 (14) (U.S: 2) -> [[2, 0, 3, 1], [1, 3, 0, 2], [1, 3, 0, 2], [2, 0, 3, 1], [2, 0, 3, 1], [1, 3, 0, 2], [1, 3, 0, 2], [1, 3, 0, 2], [2, 0, 3, 1], [2, 0, 3, 1], [1, 3, 0, 2], [2, 0, 3, 1], [1, 3, 0, 2], [1, 3, 0, 2]] 
Generation 79 (14) (U.S: 2) -> [[2, 0, 3, 1], [1, 3, 0, 2], [1, 3, 0, 2], [2, 0, 3, 1], [2, 0, 3, 1], [1, 3, 0, 2], [1, 3, 0, 2], [1, 3, 0, 2], [2, 0, 3, 1], [2, 0, 3, 1], [1, 3, 0, 2], [2, 0, 3, 1], [1, 3, 0, 2], [1, 3, 0, 2]] 
Generation 80 (15) (U.S: 2) -> [[2, 0, 3, 1], [1, 3, 0, 2], [1, 3, 0, 2], [2, 0, 3, 1], [2, 0, 3, 1], [1, 3, 0, 2], [1, 3, 0, 2], [2, 0, 3, 1], [1, 3, 0, 2], [2, 0, 3, 1], [2, 0, 3, 1], [1, 3, 0, 2], [2, 0, 3, 1], [1, 3, 0, 2], [1, 3, 0, 2]] 
Generation 81 (15) (U.S: 2) -> [[2, 0, 3, 1], [1, 3, 0, 2], [1, 3, 0, 2], [2, 0, 3, 1], [2, 0, 3, 1], [1, 3, 0, 2], [1, 3, 0, 2], [2, 0, 3, 1], [1, 3, 0, 2], [2, 0, 3, 1], [2, 0, 3, 1], [1, 3, 0, 2], [2, 0, 3, 1], [1, 3, 0, 2], [1, 3, 0, 2]] 
Generation 82 (15) (U.S: 2) -> [[2, 0, 3, 1], [1, 3, 0, 2], [1, 3, 0, 2], [2, 0, 3, 1], [2, 0, 3, 1], [1, 3, 0, 2], [1, 3, 0, 2], [2, 0, 3, 1], [1, 3, 0, 2], [2, 0, 3, 1], [2, 0, 3, 1], [1, 3, 0, 2], [2, 0, 3, 1], [1, 3, 0, 2], [1, 3, 0, 2]] 
Generation 83 (15) (U.S: 2) -> [[2, 0, 3, 1], [1, 3, 0, 2], [1, 3, 0, 2], [2, 0, 3, 1], [2, 0, 3, 1], [1, 3, 0, 2], [1, 3, 0, 2], [2, 0, 3, 1], [1, 3, 0, 2], [2, 0, 3, 1], [2, 0, 3, 1], [1, 3, 0, 2], [2, 0, 3, 1], [1, 3, 0, 2], [1, 3, 0, 2]] 
Generation 84 (15) (U.S: 2) -> [[2, 0, 3, 1], [1, 3, 0, 2], [1, 3, 0, 2], [2, 0, 3, 1], [2, 0, 3, 1], [1, 3, 0, 2], [1, 3, 0, 2], [2, 0, 3, 1], [1, 3, 0, 2], [2, 0, 3, 1], [2, 0, 3, 1], [1, 3, 0, 2], [2, 0, 3, 1], [1, 3, 0, 2], [1, 3, 0, 2]] 
Generation 85 (15) (U.S: 2) -> [[2, 0, 3, 1], [1, 3, 0, 2], [1, 3, 0, 2], [2, 0, 3, 1], [2, 0, 3, 1], [1, 3, 0, 2], [1, 3, 0, 2], [2, 0, 3, 1], [1, 3, 0, 2], [2, 0, 3, 1], [2, 0, 3, 1], [1, 3, 0, 2], [2, 0, 3, 1], [1, 3, 0, 2], [1, 3, 0, 2]] 
Generation 86 (15) (U.S: 2) -> [[2, 0, 3, 1], [1, 3, 0, 2], [1, 3, 0, 2], [2, 0, 3, 1], [2, 0, 3, 1], [1, 3, 0, 2], [1, 3, 0, 2], [2, 0, 3, 1], [1, 3, 0, 2], [2, 0, 3, 1], [2, 0, 3, 1], [1, 3, 0, 2], [2, 0, 3, 1], [1, 3, 0, 2], [1, 3, 0, 2]] 
Generation 87 (15) (U.S: 2) -> [[2, 0, 3, 1], [1, 3, 0, 2], [1, 3, 0, 2], [2, 0, 3, 1], [2, 0, 3, 1], [1, 3, 0, 2], [1, 3, 0, 2], [2, 0, 3, 1], [1, 3, 0, 2], [2, 0, 3, 1], [2, 0, 3, 1], [1, 3, 0, 2], [2, 0, 3, 1], [1, 3, 0, 2], [1, 3, 0, 2]] 
Generation 88 (15) (U.S: 2) -> [[2, 0, 3, 1], [1, 3, 0, 2], [1, 3, 0, 2], [2, 0, 3, 1], [2, 0, 3, 1], [1, 3, 0, 2], [1, 3, 0, 2], [2, 0, 3, 1], [1, 3, 0, 2], [2, 0, 3, 1], [2, 0, 3, 1], [1, 3, 0, 2], [2, 0, 3, 1], [1, 3, 0, 2], [1, 3, 0, 2]] 
Generation 89 (15) (U.S: 2) -> [[2, 0, 3, 1], [1, 3, 0, 2], [1, 3, 0, 2], [2, 0, 3, 1], [2, 0, 3, 1], [1, 3, 0, 2], [1, 3, 0, 2], [2, 0, 3, 1], [1, 3, 0, 2], [2, 0, 3, 1], [2, 0, 3, 1], [1, 3, 0, 2], [2, 0, 3, 1], [1, 3, 0, 2], [1, 3, 0, 2]] 
Generation 90 (15) (U.S: 2) -> [[2, 0, 3, 1], [1, 3, 0, 2], [1, 3, 0, 2], [2, 0, 3, 1], [2, 0, 3, 1], [1, 3, 0, 2], [1, 3, 0, 2], [2, 0, 3, 1], [1, 3, 0, 2], [2, 0, 3, 1], [2, 0, 3, 1], [1, 3, 0, 2], [2, 0, 3, 1], [1, 3, 0, 2], [1, 3, 0, 2]] 
Generation 91 (15) (U.S: 2) -> [[2, 0, 3, 1], [1, 3, 0, 2], [1, 3, 0, 2], [2, 0, 3, 1], [2, 0, 3, 1], [1, 3, 0, 2], [1, 3, 0, 2], [2, 0, 3, 1], [1, 3, 0, 2], [2, 0, 3, 1], [2, 0, 3, 1], [1, 3, 0, 2], [2, 0, 3, 1], [1, 3, 0, 2], [1, 3, 0, 2]] 
Generation 92 (15) (U.S: 2) -> [[2, 0, 3, 1], [1, 3, 0, 2], [1, 3, 0, 2], [2, 0, 3, 1], [2, 0, 3, 1], [1, 3, 0, 2], [1, 3, 0, 2], [2, 0, 3, 1], [1, 3, 0, 2], [2, 0, 3, 1], [2, 0, 3, 1], [1, 3, 0, 2], [2, 0, 3, 1], [1, 3, 0, 2], [1, 3, 0, 2]] 
Generation 93 (15) (U.S: 2) -> [[2, 0, 3, 1], [1, 3, 0, 2], [1, 3, 0, 2], [2, 0, 3, 1], [2, 0, 3, 1], [1, 3, 0, 2], [1, 3, 0, 2], [2, 0, 3, 1], [1, 3, 0, 2], [2, 0, 3, 1], [2, 0, 3, 1], [1, 3, 0, 2], [2, 0, 3, 1], [1, 3, 0, 2], [1, 3, 0, 2]] 
Generation 94 (15) (U.S: 2) -> [[2, 0, 3, 1], [1, 3, 0, 2], [1, 3, 0, 2], [2, 0, 3, 1], [2, 0, 3, 1], [1, 3, 0, 2], [1, 3, 0, 2], [2, 0, 3, 1], [1, 3, 0, 2], [2, 0, 3, 1], [2, 0, 3, 1], [1, 3, 0, 2], [2, 0, 3, 1], [1, 3, 0, 2], [1, 3, 0, 2]] 
Generation 95 (15) (U.S: 2) -> [[2, 0, 3, 1], [1, 3, 0, 2], [1, 3, 0, 2], [2, 0, 3, 1], [2, 0, 3, 1], [1, 3, 0, 2], [1, 3, 0, 2], [2, 0, 3, 1], [1, 3, 0, 2], [2, 0, 3, 1], [2, 0, 3, 1], [1, 3, 0, 2], [2, 0, 3, 1], [1, 3, 0, 2], [1, 3, 0, 2]] 
Generation 96 (15) (U.S: 2) -> [[2, 0, 3, 1], [1, 3, 0, 2], [1, 3, 0, 2], [2, 0, 3, 1], [2, 0, 3, 1], [1, 3, 0, 2], [1, 3, 0, 2], [2, 0, 3, 1], [1, 3, 0, 2], [2, 0, 3, 1], [2, 0, 3, 1], [1, 3, 0, 2], [2, 0, 3, 1], [1, 3, 0, 2], [1, 3, 0, 2]] 
Generation 97 (15) (U.S: 2) -> [[2, 0, 3, 1], [1, 3, 0, 2], [1, 3, 0, 2], [2, 0, 3, 1], [2, 0, 3, 1], [1, 3, 0, 2], [1, 3, 0, 2], [2, 0, 3, 1], [1, 3, 0, 2], [2, 0, 3, 1], [2, 0, 3, 1], [1, 3, 0, 2], [2, 0, 3, 1], [1, 3, 0, 2], [1, 3, 0, 2]] 
Generation 98 (15) (U.S: 2) -> [[2, 0, 3, 1], [1, 3, 0, 2], [1, 3, 0, 2], [2, 0, 3, 1], [2, 0, 3, 1], [1, 3, 0, 2], [1, 3, 0, 2], [2, 0, 3, 1], [1, 3, 0, 2], [2, 0, 3, 1], [2, 0, 3, 1], [1, 3, 0, 2], [2, 0, 3, 1], [1, 3, 0, 2], [1, 3, 0, 2]] 
Generation 99 (15) (U.S: 2) -> [[2, 0, 3, 1], [1, 3, 0, 2], [1, 3, 0, 2], [2, 0, 3, 1], [2, 0, 3, 1], [1, 3, 0, 2], [1, 3, 0, 2], [2, 0, 3, 1], [1, 3, 0, 2], [2, 0, 3, 1], [2, 0, 3, 1], [1, 3, 0, 2], [2, 0, 3, 1], [1, 3, 0, 2], [1, 3, 0, 2]] 
Generation 100 (15) (U.S: 2) -> [[2, 0, 3, 1], [1, 3, 0, 2], [1, 3, 0, 2], [2, 0, 3, 1], [2, 0, 3, 1], [1, 3, 0, 2], [1, 3, 0, 2], [2, 0, 3, 1], [1, 3, 0, 2], [2, 0, 3, 1], [2, 0, 3, 1], [1, 3, 0, 2], [2, 0, 3, 1], [1, 3, 0, 2], [1, 3, 0, 2]] 
------------------------------------ 
The 2 solutions found are: 
2
0
3
1
1
3
0
2
