lengthPopulation: 100 
lengthChromosome: 8 
lengthMatingPool: 80 
generations:  300 
------------------------------------ 
Selection Method: Tournament 
Reproduction Method: Cross and mutation 
Replacement Selection Method: Random 

Results: 
Generation 1 (1) (U.S: 1) -> [[6, 3, 1, 4, 7, 0, 2, 5]] 
Generation 2 (1) (U.S: 1) -> [[6, 3, 1, 4, 7, 0, 2, 5]] 
Generation 3 (1) (U.S: 1) -> [[6, 3, 1, 4, 7, 0, 2, 5]] 
Generation 4 (1) (U.S: 1) -> [[5, 3, 6, 0, 2, 4, 1, 7]] 
Generation 5 (2) (U.S: 2) -> [[3, 0, 4, 7, 1, 6, 2, 5], [5, 3, 6, 0, 2, 4, 1, 7]] 
Generation 6 (3) (U.S: 3) -> [[2, 7, 3, 6, 0, 5, 1, 4], [3, 0, 4, 7, 1, 6, 2, 5], [5, 3, 6, 0, 2, 4, 1, 7]] 
Generation 7 (4) (U.S: 4) -> [[2, 7, 3, 6, 0, 5, 1, 4], [4, 7, 3, 0, 2, 5, 1, 6], [3, 0, 4, 7, 1, 6, 2, 5], [5, 3, 6, 0, 2, 4, 1, 7]] 
Generation 8 (3) (U.S: 3) -> [[2, 7, 3, 6, 0, 5, 1, 4], [4, 7, 3, 0, 2, 5, 1, 6], [3, 0, 4, 7, 1, 6, 2, 5]] 
Generation 9 (2) (U.S: 2) -> [[2, 7, 3, 6, 0, 5, 1, 4], [4, 7, 3, 0, 2, 5, 1, 6]] 
Generation 10 (1) (U.S: 1) -> [[5, 2, 6, 1, 7, 4, 0, 3]] 
Generation 12 (1) (U.S: 1) -> [[3, 7, 4, 2, 0, 6, 1, 5]] 
Generation 13 (1) (U.S: 1) -> [[3, 7, 4, 2, 0, 6, 1, 5]] 
Generation 14 (1) (U.S: 1) -> [[3, 7, 4, 2, 0, 6, 1, 5]] 
Generation 15 (1) (U.S: 1) -> [[3, 7, 4, 2, 0, 6, 1, 5]] 
Generation 16 (1) (U.S: 1) -> [[3, 7, 4, 2, 0, 6, 1, 5]] 
Generation 23 (1) (U.S: 1) -> [[2, 4, 6, 0, 3, 1, 7, 5]] 
Generation 38 (1) (U.S: 1) -> [[2, 5, 7, 0, 4, 6, 1, 3]] 
Generation 39 (2) (U.S: 2) -> [[2, 5, 7, 0, 4, 6, 1, 3], [3, 5, 0, 4, 1, 7, 2, 6]] 
Generation 40 (2) (U.S: 2) -> [[2, 5, 7, 0, 4, 6, 1, 3], [3, 5, 0, 4, 1, 7, 2, 6]] 
Generation 72 (1) (U.S: 1) -> [[2, 7, 3, 6, 0, 5, 1, 4]] 
Generation 73 (1) (U.S: 1) -> [[2, 7, 3, 6, 0, 5, 1, 4]] 
Generation 74 (1) (U.S: 1) -> [[2, 7, 3, 6, 0, 5, 1, 4]] 
Generation 75 (2) (U.S: 2) -> [[2, 7, 3, 6, 0, 5, 1, 4], [2, 4, 1, 7, 0, 6, 3, 5]] 
Generation 76 (1) (U.S: 1) -> [[2, 4, 1, 7, 0, 6, 3, 5]] 
Generation 77 (1) (U.S: 1) -> [[2, 4, 1, 7, 0, 6, 3, 5]] 
Generation 78 (2) (U.S: 1) -> [[2, 4, 1, 7, 0, 6, 3, 5], [2, 4, 1, 7, 0, 6, 3, 5]] 
Generation 79 (2) (U.S: 1) -> [[2, 4, 1, 7, 0, 6, 3, 5], [2, 4, 1, 7, 0, 6, 3, 5]] 
Generation 80 (1) (U.S: 1) -> [[2, 4, 1, 7, 0, 6, 3, 5]] 
Generation 81 (1) (U.S: 1) -> [[2, 4, 1, 7, 0, 6, 3, 5]] 
Generation 82 (1) (U.S: 1) -> [[2, 4, 1, 7, 0, 6, 3, 5]] 
Generation 83 (1) (U.S: 1) -> [[2, 4, 1, 7, 0, 6, 3, 5]] 
Generation 84 (1) (U.S: 1) -> [[2, 4, 1, 7, 0, 6, 3, 5]] 
Generation 87 (1) (U.S: 1) -> [[2, 4, 7, 3, 0, 6, 1, 5]] 
Generation 107 (1) (U.S: 1) -> [[5, 2, 6, 1, 3, 7, 0, 4]] 
Generation 108 (1) (U.S: 1) -> [[5, 2, 6, 1, 3, 7, 0, 4]] 
Generation 112 (1) (U.S: 1) -> [[5, 2, 6, 3, 0, 7, 1, 4]] 
Generation 113 (1) (U.S: 1) -> [[5, 2, 6, 3, 0, 7, 1, 4]] 
Generation 114 (1) (U.S: 1) -> [[3, 6, 0, 7, 4, 1, 5, 2]] 
Generation 120 (1) (U.S: 1) -> [[1, 3, 5, 7, 2, 0, 6, 4]] 
Generation 121 (1) (U.S: 1) -> [[1, 3, 5, 7, 2, 0, 6, 4]] 
Generation 122 (1) (U.S: 1) -> [[1, 3, 5, 7, 2, 0, 6, 4]] 
Generation 123 (1) (U.S: 1) -> [[1, 3, 5, 7, 2, 0, 6, 4]] 
Generation 134 (1) (U.S: 1) -> [[3, 1, 4, 7, 5, 0, 2, 6]] 
Generation 135 (1) (U.S: 1) -> [[3, 1, 4, 7, 5, 0, 2, 6]] 
Generation 136 (1) (U.S: 1) -> [[3, 1, 4, 7, 5, 0, 2, 6]] 
Generation 137 (1) (U.S: 1) -> [[3, 1, 4, 7, 5, 0, 2, 6]] 
Generation 138 (1) (U.S: 1) -> [[3, 1, 4, 7, 5, 0, 2, 6]] 
Generation 139 (1) (U.S: 1) -> [[3, 1, 4, 7, 5, 0, 2, 6]] 
Generation 140 (1) (U.S: 1) -> [[3, 1, 4, 7, 5, 0, 2, 6]] 
Generation 141 (2) (U.S: 2) -> [[3, 1, 4, 7, 5, 0, 2, 6], [3, 6, 4, 1, 5, 0, 2, 7]] 
Generation 142 (2) (U.S: 2) -> [[3, 1, 4, 7, 5, 0, 2, 6], [3, 6, 4, 1, 5, 0, 2, 7]] 
Generation 143 (1) (U.S: 1) -> [[3, 6, 4, 1, 5, 0, 2, 7]] 
Generation 144 (1) (U.S: 1) -> [[3, 6, 4, 1, 5, 0, 2, 7]] 
Generation 147 (1) (U.S: 1) -> [[5, 2, 4, 6, 0, 3, 1, 7]] 
Generation 162 (1) (U.S: 1) -> [[4, 6, 0, 3, 1, 7, 5, 2]] 
Generation 163 (2) (U.S: 2) -> [[7, 1, 4, 2, 0, 6, 3, 5], [3, 6, 4, 1, 5, 0, 2, 7]] 
Generation 164 (3) (U.S: 3) -> [[5, 2, 4, 6, 0, 3, 1, 7], [7, 1, 4, 2, 0, 6, 3, 5], [3, 6, 4, 1, 5, 0, 2, 7]] 
Generation 165 (2) (U.S: 2) -> [[5, 2, 4, 6, 0, 3, 1, 7], [7, 1, 4, 2, 0, 6, 3, 5]] 
Generation 166 (1) (U.S: 1) -> [[5, 2, 4, 6, 0, 3, 1, 7]] 
Generation 167 (2) (U.S: 1) -> [[5, 2, 4, 6, 0, 3, 1, 7], [5, 2, 4, 6, 0, 3, 1, 7]] 
Generation 168 (1) (U.S: 1) -> [[5, 2, 4, 6, 0, 3, 1, 7]] 
Generation 186 (1) (U.S: 1) -> [[5, 3, 6, 0, 2, 4, 1, 7]] 
Generation 187 (1) (U.S: 1) -> [[5, 3, 6, 0, 2, 4, 1, 7]] 
Generation 188 (1) (U.S: 1) -> [[5, 3, 6, 0, 2, 4, 1, 7]] 
Generation 189 (1) (U.S: 1) -> [[5, 3, 6, 0, 2, 4, 1, 7]] 
Generation 193 (1) (U.S: 1) -> [[5, 3, 6, 0, 2, 4, 1, 7]] 
Generation 194 (1) (U.S: 1) -> [[5, 3, 6, 0, 2, 4, 1, 7]] 
Generation 195 (1) (U.S: 1) -> [[5, 3, 6, 0, 2, 4, 1, 7]] 
Generation 196 (1) (U.S: 1) -> [[5, 3, 6, 0, 2, 4, 1, 7]] 
Generation 197 (1) (U.S: 1) -> [[5, 3, 6, 0, 2, 4, 1, 7]] 
Generation 198 (2) (U.S: 1) -> [[5, 3, 6, 0, 2, 4, 1, 7], [5, 3, 6, 0, 2, 4, 1, 7]] 
Generation 199 (1) (U.S: 1) -> [[5, 3, 6, 0, 2, 4, 1, 7]] 
Generation 200 (1) (U.S: 1) -> [[5, 3, 6, 0, 2, 4, 1, 7]] 
Generation 211 (1) (U.S: 1) -> [[5, 0, 4, 1, 7, 2, 6, 3]] 
Generation 215 (2) (U.S: 2) -> [[0, 6, 3, 5, 7, 1, 4, 2], [2, 6, 1, 7, 4, 0, 3, 5]] 
Generation 216 (2) (U.S: 2) -> [[0, 6, 3, 5, 7, 1, 4, 2], [7, 1, 4, 2, 0, 6, 3, 5]] 
Generation 217 (1) (U.S: 1) -> [[7, 1, 4, 2, 0, 6, 3, 5]] 
Generation 218 (2) (U.S: 2) -> [[4, 1, 5, 0, 6, 3, 7, 2], [7, 1, 4, 2, 0, 6, 3, 5]] 
Generation 219 (2) (U.S: 2) -> [[7, 1, 4, 2, 0, 6, 3, 5], [2, 6, 1, 7, 4, 0, 3, 5]] 
Generation 220 (1) (U.S: 1) -> [[7, 1, 4, 2, 0, 6, 3, 5]] 
Generation 221 (1) (U.S: 1) -> [[4, 1, 5, 0, 6, 3, 7, 2]] 
Generation 222 (1) (U.S: 1) -> [[2, 6, 1, 7, 4, 0, 3, 5]] 
Generation 225 (1) (U.S: 1) -> [[7, 1, 4, 2, 0, 6, 3, 5]] 
Generation 226 (1) (U.S: 1) -> [[7, 1, 4, 2, 0, 6, 3, 5]] 
Generation 227 (1) (U.S: 1) -> [[7, 1, 4, 2, 0, 6, 3, 5]] 
Generation 237 (1) (U.S: 1) -> [[2, 6, 1, 7, 5, 3, 0, 4]] 
Generation 254 (1) (U.S: 1) -> [[1, 3, 5, 7, 2, 0, 6, 4]] 
Generation 255 (2) (U.S: 2) -> [[0, 4, 7, 5, 2, 6, 1, 3], [1, 3, 5, 7, 2, 0, 6, 4]] 
Generation 257 (1) (U.S: 1) -> [[5, 3, 6, 0, 2, 4, 1, 7]] 
Generation 259 (1) (U.S: 1) -> [[3, 1, 4, 7, 5, 0, 2, 6]] 
Generation 260 (1) (U.S: 1) -> [[3, 1, 4, 7, 5, 0, 2, 6]] 
Generation 261 (1) (U.S: 1) -> [[3, 1, 4, 7, 5, 0, 2, 6]] 
Generation 269 (1) (U.S: 1) -> [[3, 7, 4, 2, 0, 6, 1, 5]] 
Generation 270 (1) (U.S: 1) -> [[3, 7, 4, 2, 0, 6, 1, 5]] 
Generation 288 (1) (U.S: 1) -> [[7, 1, 4, 2, 0, 6, 3, 5]] 
Generation 297 (1) (U.S: 1) -> [[1, 6, 2, 5, 7, 4, 0, 3]] 
Generation 298 (1) (U.S: 1) -> [[1, 6, 2, 5, 7, 4, 0, 3]] 
------------------------------------ 
The 0 solutions found are: 
