lengthPopulation: 600 
lengthChromosome: 8 
lengthMatingPool: 570 
generations:  300 
------------------------------------ 
Selection Method: Tournament 
Reproduction Method: Mutation 
Replacement Selection Method: Weakest Replacement 

Results: 
Generation 1 (1) (U.S: 1) -> [[1, 6, 2, 5, 7, 4, 0, 3]] 
Generation 2 (1) (U.S: 1) -> [[1, 6, 2, 5, 7, 4, 0, 3]] 
Generation 3 (1) (U.S: 1) -> [[1, 6, 2, 5, 7, 4, 0, 3]] 
Generation 4 (1) (U.S: 1) -> [[1, 6, 2, 5, 7, 4, 0, 3]] 
Generation 5 (1) (U.S: 1) -> [[1, 6, 2, 5, 7, 4, 0, 3]] 
Generation 6 (1) (U.S: 1) -> [[1, 6, 2, 5, 7, 4, 0, 3]] 
Generation 7 (1) (U.S: 1) -> [[1, 6, 2, 5, 7, 4, 0, 3]] 
Generation 8 (1) (U.S: 1) -> [[1, 6, 2, 5, 7, 4, 0, 3]] 
Generation 9 (1) (U.S: 1) -> [[1, 6, 2, 5, 7, 4, 0, 3]] 
Generation 10 (1) (U.S: 1) -> [[1, 6, 2, 5, 7, 4, 0, 3]] 
Generation 11 (1) (U.S: 1) -> [[1, 6, 2, 5, 7, 4, 0, 3]] 
Generation 12 (1) (U.S: 1) -> [[1, 6, 2, 5, 7, 4, 0, 3]] 
Generation 13 (1) (U.S: 1) -> [[1, 6, 2, 5, 7, 4, 0, 3]] 
Generation 14 (1) (U.S: 1) -> [[1, 6, 2, 5, 7, 4, 0, 3]] 
Generation 15 (1) (U.S: 1) -> [[1, 6, 2, 5, 7, 4, 0, 3]] 
Generation 16 (1) (U.S: 1) -> [[1, 6, 2, 5, 7, 4, 0, 3]] 
Generation 17 (1) (U.S: 1) -> [[1, 6, 2, 5, 7, 4, 0, 3]] 
Generation 18 (1) (U.S: 1) -> [[1, 6, 2, 5, 7, 4, 0, 3]] 
Generation 19 (1) (U.S: 1) -> [[1, 6, 2, 5, 7, 4, 0, 3]] 
Generation 20 (1) (U.S: 1) -> [[1, 6, 2, 5, 7, 4, 0, 3]] 
Generation 21 (1) (U.S: 1) -> [[1, 6, 2, 5, 7, 4, 0, 3]] 
Generation 22 (1) (U.S: 1) -> [[1, 6, 2, 5, 7, 4, 0, 3]] 
Generation 23 (1) (U.S: 1) -> [[1, 6, 2, 5, 7, 4, 0, 3]] 
Generation 24 (1) (U.S: 1) -> [[1, 6, 2, 5, 7, 4, 0, 3]] 
Generation 25 (1) (U.S: 1) -> [[1, 6, 2, 5, 7, 4, 0, 3]] 
Generation 26 (1) (U.S: 1) -> [[1, 6, 2, 5, 7, 4, 0, 3]] 
Generation 27 (1) (U.S: 1) -> [[1, 6, 2, 5, 7, 4, 0, 3]] 
Generation 28 (1) (U.S: 1) -> [[1, 6, 2, 5, 7, 4, 0, 3]] 
Generation 29 (1) (U.S: 1) -> [[1, 6, 2, 5, 7, 4, 0, 3]] 
Generation 30 (1) (U.S: 1) -> [[1, 6, 2, 5, 7, 4, 0, 3]] 
Generation 31 (1) (U.S: 1) -> [[1, 6, 2, 5, 7, 4, 0, 3]] 
Generation 32 (1) (U.S: 1) -> [[1, 6, 2, 5, 7, 4, 0, 3]] 
Generation 33 (1) (U.S: 1) -> [[1, 6, 2, 5, 7, 4, 0, 3]] 
Generation 34 (1) (U.S: 1) -> [[1, 6, 2, 5, 7, 4, 0, 3]] 
Generation 35 (1) (U.S: 1) -> [[1, 6, 2, 5, 7, 4, 0, 3]] 
Generation 36 (1) (U.S: 1) -> [[1, 6, 2, 5, 7, 4, 0, 3]] 
Generation 37 (1) (U.S: 1) -> [[1, 6, 2, 5, 7, 4, 0, 3]] 
Generation 38 (1) (U.S: 1) -> [[1, 6, 2, 5, 7, 4, 0, 3]] 
Generation 39 (1) (U.S: 1) -> [[1, 6, 2, 5, 7, 4, 0, 3]] 
Generation 40 (1) (U.S: 1) -> [[1, 6, 2, 5, 7, 4, 0, 3]] 
Generation 41 (1) (U.S: 1) -> [[1, 6, 2, 5, 7, 4, 0, 3]] 
Generation 42 (1) (U.S: 1) -> [[1, 6, 2, 5, 7, 4, 0, 3]] 
Generation 43 (1) (U.S: 1) -> [[1, 6, 2, 5, 7, 4, 0, 3]] 
Generation 44 (1) (U.S: 1) -> [[1, 6, 2, 5, 7, 4, 0, 3]] 
Generation 45 (1) (U.S: 1) -> [[1, 6, 2, 5, 7, 4, 0, 3]] 
Generation 46 (1) (U.S: 1) -> [[1, 6, 2, 5, 7, 4, 0, 3]] 
Generation 47 (1) (U.S: 1) -> [[1, 6, 2, 5, 7, 4, 0, 3]] 
Generation 48 (1) (U.S: 1) -> [[1, 6, 2, 5, 7, 4, 0, 3]] 
Generation 49 (1) (U.S: 1) -> [[1, 6, 2, 5, 7, 4, 0, 3]] 
Generation 50 (1) (U.S: 1) -> [[1, 6, 2, 5, 7, 4, 0, 3]] 
Generation 51 (1) (U.S: 1) -> [[1, 6, 2, 5, 7, 4, 0, 3]] 
Generation 52 (1) (U.S: 1) -> [[1, 6, 2, 5, 7, 4, 0, 3]] 
Generation 53 (1) (U.S: 1) -> [[1, 6, 2, 5, 7, 4, 0, 3]] 
Generation 54 (1) (U.S: 1) -> [[1, 6, 2, 5, 7, 4, 0, 3]] 
Generation 55 (1) (U.S: 1) -> [[1, 6, 2, 5, 7, 4, 0, 3]] 
Generation 56 (1) (U.S: 1) -> [[1, 6, 2, 5, 7, 4, 0, 3]] 
Generation 57 (1) (U.S: 1) -> [[1, 6, 2, 5, 7, 4, 0, 3]] 
Generation 58 (1) (U.S: 1) -> [[1, 6, 2, 5, 7, 4, 0, 3]] 
Generation 59 (1) (U.S: 1) -> [[1, 6, 2, 5, 7, 4, 0, 3]] 
Generation 60 (1) (U.S: 1) -> [[1, 6, 2, 5, 7, 4, 0, 3]] 
Generation 61 (1) (U.S: 1) -> [[1, 6, 2, 5, 7, 4, 0, 3]] 
Generation 62 (1) (U.S: 1) -> [[1, 6, 2, 5, 7, 4, 0, 3]] 
Generation 63 (1) (U.S: 1) -> [[1, 6, 2, 5, 7, 4, 0, 3]] 
Generation 64 (1) (U.S: 1) -> [[1, 6, 2, 5, 7, 4, 0, 3]] 
Generation 65 (1) (U.S: 1) -> [[1, 6, 2, 5, 7, 4, 0, 3]] 
Generation 66 (1) (U.S: 1) -> [[1, 6, 2, 5, 7, 4, 0, 3]] 
Generation 67 (1) (U.S: 1) -> [[1, 6, 2, 5, 7, 4, 0, 3]] 
Generation 68 (1) (U.S: 1) -> [[1, 6, 2, 5, 7, 4, 0, 3]] 
Generation 69 (1) (U.S: 1) -> [[1, 6, 2, 5, 7, 4, 0, 3]] 
Generation 70 (1) (U.S: 1) -> [[1, 6, 2, 5, 7, 4, 0, 3]] 
Generation 71 (1) (U.S: 1) -> [[1, 6, 2, 5, 7, 4, 0, 3]] 
Generation 72 (1) (U.S: 1) -> [[1, 6, 2, 5, 7, 4, 0, 3]] 
Generation 73 (1) (U.S: 1) -> [[1, 6, 2, 5, 7, 4, 0, 3]] 
Generation 74 (1) (U.S: 1) -> [[1, 6, 2, 5, 7, 4, 0, 3]] 
Generation 75 (1) (U.S: 1) -> [[1, 6, 2, 5, 7, 4, 0, 3]] 
Generation 76 (2) (U.S: 2) -> [[5, 7, 1, 3, 0, 6, 4, 2], [1, 6, 2, 5, 7, 4, 0, 3]] 
Generation 77 (2) (U.S: 2) -> [[5, 7, 1, 3, 0, 6, 4, 2], [1, 6, 2, 5, 7, 4, 0, 3]] 
Generation 78 (2) (U.S: 2) -> [[5, 7, 1, 3, 0, 6, 4, 2], [1, 6, 2, 5, 7, 4, 0, 3]] 
Generation 79 (2) (U.S: 2) -> [[5, 7, 1, 3, 0, 6, 4, 2], [1, 6, 2, 5, 7, 4, 0, 3]] 
Generation 80 (2) (U.S: 2) -> [[5, 7, 1, 3, 0, 6, 4, 2], [1, 6, 2, 5, 7, 4, 0, 3]] 
Generation 81 (2) (U.S: 2) -> [[5, 7, 1, 3, 0, 6, 4, 2], [1, 6, 2, 5, 7, 4, 0, 3]] 
Generation 82 (2) (U.S: 2) -> [[5, 7, 1, 3, 0, 6, 4, 2], [1, 6, 2, 5, 7, 4, 0, 3]] 
Generation 83 (2) (U.S: 2) -> [[5, 7, 1, 3, 0, 6, 4, 2], [1, 6, 2, 5, 7, 4, 0, 3]] 
Generation 84 (2) (U.S: 2) -> [[5, 7, 1, 3, 0, 6, 4, 2], [1, 6, 2, 5, 7, 4, 0, 3]] 
Generation 85 (2) (U.S: 2) -> [[5, 7, 1, 3, 0, 6, 4, 2], [1, 6, 2, 5, 7, 4, 0, 3]] 
Generation 86 (2) (U.S: 2) -> [[5, 7, 1, 3, 0, 6, 4, 2], [1, 6, 2, 5, 7, 4, 0, 3]] 
Generation 87 (2) (U.S: 2) -> [[5, 7, 1, 3, 0, 6, 4, 2], [1, 6, 2, 5, 7, 4, 0, 3]] 
Generation 88 (2) (U.S: 2) -> [[5, 7, 1, 3, 0, 6, 4, 2], [1, 6, 2, 5, 7, 4, 0, 3]] 
Generation 89 (2) (U.S: 2) -> [[5, 7, 1, 3, 0, 6, 4, 2], [1, 6, 2, 5, 7, 4, 0, 3]] 
Generation 90 (2) (U.S: 2) -> [[5, 7, 1, 3, 0, 6, 4, 2], [1, 6, 2, 5, 7, 4, 0, 3]] 
Generation 91 (2) (U.S: 2) -> [[5, 7, 1, 3, 0, 6, 4, 2], [1, 6, 2, 5, 7, 4, 0, 3]] 
Generation 92 (2) (U.S: 2) -> [[5, 7, 1, 3, 0, 6, 4, 2], [1, 6, 2, 5, 7, 4, 0, 3]] 
Generation 93 (2) (U.S: 2) -> [[5, 7, 1, 3, 0, 6, 4, 2], [1, 6, 2, 5, 7, 4, 0, 3]] 
Generation 94 (2) (U.S: 2) -> [[5, 7, 1, 3, 0, 6, 4, 2], [1, 6, 2, 5, 7, 4, 0, 3]] 
Generation 95 (2) (U.S: 2) -> [[5, 7, 1, 3, 0, 6, 4, 2], [1, 6, 2, 5, 7, 4, 0, 3]] 
Generation 96 (2) (U.S: 2) -> [[5, 7, 1, 3, 0, 6, 4, 2], [1, 6, 2, 5, 7, 4, 0, 3]] 
Generation 97 (2) (U.S: 2) -> [[5, 7, 1, 3, 0, 6, 4, 2], [1, 6, 2, 5, 7, 4, 0, 3]] 
Generation 98 (2) (U.S: 2) -> [[5, 7, 1, 3, 0, 6, 4, 2], [1, 6, 2, 5, 7, 4, 0, 3]] 
Generation 99 (2) (U.S: 2) -> [[5, 7, 1, 3, 0, 6, 4, 2], [1, 6, 2, 5, 7, 4, 0, 3]] 
Generation 100 (2) (U.S: 2) -> [[5, 7, 1, 3, 0, 6, 4, 2], [1, 6, 2, 5, 7, 4, 0, 3]] 
Generation 101 (2) (U.S: 2) -> [[5, 7, 1, 3, 0, 6, 4, 2], [1, 6, 2, 5, 7, 4, 0, 3]] 
Generation 102 (2) (U.S: 2) -> [[5, 7, 1, 3, 0, 6, 4, 2], [1, 6, 2, 5, 7, 4, 0, 3]] 
Generation 103 (2) (U.S: 2) -> [[5, 7, 1, 3, 0, 6, 4, 2], [1, 6, 2, 5, 7, 4, 0, 3]] 
Generation 104 (2) (U.S: 2) -> [[5, 7, 1, 3, 0, 6, 4, 2], [1, 6, 2, 5, 7, 4, 0, 3]] 
Generation 105 (2) (U.S: 2) -> [[5, 7, 1, 3, 0, 6, 4, 2], [1, 6, 2, 5, 7, 4, 0, 3]] 
Generation 106 (2) (U.S: 2) -> [[5, 7, 1, 3, 0, 6, 4, 2], [1, 6, 2, 5, 7, 4, 0, 3]] 
Generation 107 (2) (U.S: 2) -> [[5, 7, 1, 3, 0, 6, 4, 2], [1, 6, 2, 5, 7, 4, 0, 3]] 
Generation 108 (2) (U.S: 2) -> [[5, 7, 1, 3, 0, 6, 4, 2], [1, 6, 2, 5, 7, 4, 0, 3]] 
Generation 109 (2) (U.S: 2) -> [[5, 7, 1, 3, 0, 6, 4, 2], [1, 6, 2, 5, 7, 4, 0, 3]] 
Generation 110 (2) (U.S: 2) -> [[5, 7, 1, 3, 0, 6, 4, 2], [1, 6, 2, 5, 7, 4, 0, 3]] 
Generation 111 (2) (U.S: 2) -> [[5, 7, 1, 3, 0, 6, 4, 2], [1, 6, 2, 5, 7, 4, 0, 3]] 
Generation 112 (2) (U.S: 2) -> [[5, 7, 1, 3, 0, 6, 4, 2], [1, 6, 2, 5, 7, 4, 0, 3]] 
Generation 113 (2) (U.S: 2) -> [[5, 7, 1, 3, 0, 6, 4, 2], [1, 6, 2, 5, 7, 4, 0, 3]] 
Generation 114 (2) (U.S: 2) -> [[5, 7, 1, 3, 0, 6, 4, 2], [1, 6, 2, 5, 7, 4, 0, 3]] 
Generation 115 (2) (U.S: 2) -> [[5, 7, 1, 3, 0, 6, 4, 2], [1, 6, 2, 5, 7, 4, 0, 3]] 
Generation 116 (2) (U.S: 2) -> [[5, 7, 1, 3, 0, 6, 4, 2], [1, 6, 2, 5, 7, 4, 0, 3]] 
Generation 117 (2) (U.S: 2) -> [[5, 7, 1, 3, 0, 6, 4, 2], [1, 6, 2, 5, 7, 4, 0, 3]] 
Generation 118 (2) (U.S: 2) -> [[5, 7, 1, 3, 0, 6, 4, 2], [1, 6, 2, 5, 7, 4, 0, 3]] 
Generation 119 (2) (U.S: 2) -> [[5, 7, 1, 3, 0, 6, 4, 2], [1, 6, 2, 5, 7, 4, 0, 3]] 
Generation 120 (2) (U.S: 2) -> [[5, 7, 1, 3, 0, 6, 4, 2], [1, 6, 2, 5, 7, 4, 0, 3]] 
Generation 121 (2) (U.S: 2) -> [[5, 7, 1, 3, 0, 6, 4, 2], [1, 6, 2, 5, 7, 4, 0, 3]] 
Generation 122 (2) (U.S: 2) -> [[5, 7, 1, 3, 0, 6, 4, 2], [1, 6, 2, 5, 7, 4, 0, 3]] 
Generation 123 (2) (U.S: 2) -> [[5, 7, 1, 3, 0, 6, 4, 2], [1, 6, 2, 5, 7, 4, 0, 3]] 
Generation 124 (2) (U.S: 2) -> [[5, 7, 1, 3, 0, 6, 4, 2], [1, 6, 2, 5, 7, 4, 0, 3]] 
Generation 125 (2) (U.S: 2) -> [[5, 7, 1, 3, 0, 6, 4, 2], [1, 6, 2, 5, 7, 4, 0, 3]] 
Generation 126 (2) (U.S: 2) -> [[5, 7, 1, 3, 0, 6, 4, 2], [1, 6, 2, 5, 7, 4, 0, 3]] 
Generation 127 (2) (U.S: 2) -> [[5, 7, 1, 3, 0, 6, 4, 2], [1, 6, 2, 5, 7, 4, 0, 3]] 
Generation 128 (2) (U.S: 2) -> [[5, 7, 1, 3, 0, 6, 4, 2], [1, 6, 2, 5, 7, 4, 0, 3]] 
Generation 129 (2) (U.S: 2) -> [[5, 7, 1, 3, 0, 6, 4, 2], [1, 6, 2, 5, 7, 4, 0, 3]] 
Generation 130 (2) (U.S: 2) -> [[5, 7, 1, 3, 0, 6, 4, 2], [1, 6, 2, 5, 7, 4, 0, 3]] 
Generation 131 (2) (U.S: 2) -> [[5, 7, 1, 3, 0, 6, 4, 2], [1, 6, 2, 5, 7, 4, 0, 3]] 
Generation 132 (2) (U.S: 2) -> [[5, 7, 1, 3, 0, 6, 4, 2], [1, 6, 2, 5, 7, 4, 0, 3]] 
Generation 133 (2) (U.S: 2) -> [[5, 7, 1, 3, 0, 6, 4, 2], [1, 6, 2, 5, 7, 4, 0, 3]] 
Generation 134 (2) (U.S: 2) -> [[5, 7, 1, 3, 0, 6, 4, 2], [1, 6, 2, 5, 7, 4, 0, 3]] 
Generation 135 (2) (U.S: 2) -> [[5, 7, 1, 3, 0, 6, 4, 2], [1, 6, 2, 5, 7, 4, 0, 3]] 
Generation 136 (2) (U.S: 2) -> [[5, 7, 1, 3, 0, 6, 4, 2], [1, 6, 2, 5, 7, 4, 0, 3]] 
Generation 137 (2) (U.S: 2) -> [[5, 7, 1, 3, 0, 6, 4, 2], [1, 6, 2, 5, 7, 4, 0, 3]] 
Generation 138 (2) (U.S: 2) -> [[5, 7, 1, 3, 0, 6, 4, 2], [1, 6, 2, 5, 7, 4, 0, 3]] 
Generation 139 (2) (U.S: 2) -> [[5, 7, 1, 3, 0, 6, 4, 2], [1, 6, 2, 5, 7, 4, 0, 3]] 
Generation 140 (2) (U.S: 2) -> [[5, 7, 1, 3, 0, 6, 4, 2], [1, 6, 2, 5, 7, 4, 0, 3]] 
Generation 141 (2) (U.S: 2) -> [[5, 7, 1, 3, 0, 6, 4, 2], [1, 6, 2, 5, 7, 4, 0, 3]] 
Generation 142 (2) (U.S: 2) -> [[5, 7, 1, 3, 0, 6, 4, 2], [1, 6, 2, 5, 7, 4, 0, 3]] 
Generation 143 (2) (U.S: 2) -> [[5, 7, 1, 3, 0, 6, 4, 2], [1, 6, 2, 5, 7, 4, 0, 3]] 
Generation 144 (2) (U.S: 2) -> [[5, 7, 1, 3, 0, 6, 4, 2], [1, 6, 2, 5, 7, 4, 0, 3]] 
Generation 145 (2) (U.S: 2) -> [[5, 7, 1, 3, 0, 6, 4, 2], [1, 6, 2, 5, 7, 4, 0, 3]] 
Generation 146 (2) (U.S: 2) -> [[5, 7, 1, 3, 0, 6, 4, 2], [1, 6, 2, 5, 7, 4, 0, 3]] 
Generation 147 (2) (U.S: 2) -> [[5, 7, 1, 3, 0, 6, 4, 2], [1, 6, 2, 5, 7, 4, 0, 3]] 
Generation 148 (2) (U.S: 2) -> [[5, 7, 1, 3, 0, 6, 4, 2], [1, 6, 2, 5, 7, 4, 0, 3]] 
Generation 149 (2) (U.S: 2) -> [[5, 7, 1, 3, 0, 6, 4, 2], [1, 6, 2, 5, 7, 4, 0, 3]] 
Generation 150 (2) (U.S: 2) -> [[5, 7, 1, 3, 0, 6, 4, 2], [1, 6, 2, 5, 7, 4, 0, 3]] 
Generation 151 (2) (U.S: 2) -> [[5, 7, 1, 3, 0, 6, 4, 2], [1, 6, 2, 5, 7, 4, 0, 3]] 
Generation 152 (2) (U.S: 2) -> [[5, 7, 1, 3, 0, 6, 4, 2], [1, 6, 2, 5, 7, 4, 0, 3]] 
Generation 153 (2) (U.S: 2) -> [[5, 7, 1, 3, 0, 6, 4, 2], [1, 6, 2, 5, 7, 4, 0, 3]] 
Generation 154 (2) (U.S: 2) -> [[5, 7, 1, 3, 0, 6, 4, 2], [1, 6, 2, 5, 7, 4, 0, 3]] 
Generation 155 (2) (U.S: 2) -> [[5, 7, 1, 3, 0, 6, 4, 2], [1, 6, 2, 5, 7, 4, 0, 3]] 
Generation 156 (2) (U.S: 2) -> [[5, 7, 1, 3, 0, 6, 4, 2], [1, 6, 2, 5, 7, 4, 0, 3]] 
Generation 157 (2) (U.S: 2) -> [[5, 7, 1, 3, 0, 6, 4, 2], [1, 6, 2, 5, 7, 4, 0, 3]] 
Generation 158 (2) (U.S: 2) -> [[5, 7, 1, 3, 0, 6, 4, 2], [1, 6, 2, 5, 7, 4, 0, 3]] 
Generation 159 (2) (U.S: 2) -> [[5, 7, 1, 3, 0, 6, 4, 2], [1, 6, 2, 5, 7, 4, 0, 3]] 
Generation 160 (2) (U.S: 2) -> [[5, 7, 1, 3, 0, 6, 4, 2], [1, 6, 2, 5, 7, 4, 0, 3]] 
Generation 161 (2) (U.S: 2) -> [[5, 7, 1, 3, 0, 6, 4, 2], [1, 6, 2, 5, 7, 4, 0, 3]] 
Generation 162 (2) (U.S: 2) -> [[5, 7, 1, 3, 0, 6, 4, 2], [1, 6, 2, 5, 7, 4, 0, 3]] 
Generation 163 (2) (U.S: 2) -> [[5, 7, 1, 3, 0, 6, 4, 2], [1, 6, 2, 5, 7, 4, 0, 3]] 
Generation 164 (2) (U.S: 2) -> [[5, 7, 1, 3, 0, 6, 4, 2], [1, 6, 2, 5, 7, 4, 0, 3]] 
Generation 165 (2) (U.S: 2) -> [[5, 7, 1, 3, 0, 6, 4, 2], [1, 6, 2, 5, 7, 4, 0, 3]] 
Generation 166 (2) (U.S: 2) -> [[5, 7, 1, 3, 0, 6, 4, 2], [1, 6, 2, 5, 7, 4, 0, 3]] 
Generation 167 (2) (U.S: 2) -> [[5, 7, 1, 3, 0, 6, 4, 2], [1, 6, 2, 5, 7, 4, 0, 3]] 
Generation 168 (2) (U.S: 2) -> [[5, 7, 1, 3, 0, 6, 4, 2], [1, 6, 2, 5, 7, 4, 0, 3]] 
Generation 169 (2) (U.S: 2) -> [[5, 7, 1, 3, 0, 6, 4, 2], [1, 6, 2, 5, 7, 4, 0, 3]] 
Generation 170 (2) (U.S: 2) -> [[5, 7, 1, 3, 0, 6, 4, 2], [1, 6, 2, 5, 7, 4, 0, 3]] 
Generation 171 (3) (U.S: 3) -> [[5, 7, 1, 3, 0, 6, 4, 2], [3, 1, 6, 4, 0, 7, 5, 2], [1, 6, 2, 5, 7, 4, 0, 3]] 
Generation 172 (3) (U.S: 3) -> [[5, 7, 1, 3, 0, 6, 4, 2], [3, 1, 6, 4, 0, 7, 5, 2], [1, 6, 2, 5, 7, 4, 0, 3]] 
Generation 173 (3) (U.S: 3) -> [[5, 7, 1, 3, 0, 6, 4, 2], [3, 1, 6, 4, 0, 7, 5, 2], [1, 6, 2, 5, 7, 4, 0, 3]] 
Generation 174 (3) (U.S: 3) -> [[5, 7, 1, 3, 0, 6, 4, 2], [3, 1, 6, 4, 0, 7, 5, 2], [1, 6, 2, 5, 7, 4, 0, 3]] 
Generation 175 (3) (U.S: 3) -> [[5, 7, 1, 3, 0, 6, 4, 2], [3, 1, 6, 4, 0, 7, 5, 2], [1, 6, 2, 5, 7, 4, 0, 3]] 
Generation 176 (3) (U.S: 3) -> [[5, 7, 1, 3, 0, 6, 4, 2], [3, 1, 6, 4, 0, 7, 5, 2], [1, 6, 2, 5, 7, 4, 0, 3]] 
Generation 177 (3) (U.S: 3) -> [[5, 7, 1, 3, 0, 6, 4, 2], [3, 1, 6, 4, 0, 7, 5, 2], [1, 6, 2, 5, 7, 4, 0, 3]] 
Generation 178 (3) (U.S: 3) -> [[5, 7, 1, 3, 0, 6, 4, 2], [3, 1, 6, 4, 0, 7, 5, 2], [1, 6, 2, 5, 7, 4, 0, 3]] 
Generation 179 (3) (U.S: 3) -> [[5, 7, 1, 3, 0, 6, 4, 2], [3, 1, 6, 4, 0, 7, 5, 2], [1, 6, 2, 5, 7, 4, 0, 3]] 
Generation 180 (3) (U.S: 3) -> [[5, 7, 1, 3, 0, 6, 4, 2], [3, 1, 6, 4, 0, 7, 5, 2], [1, 6, 2, 5, 7, 4, 0, 3]] 
Generation 181 (3) (U.S: 3) -> [[5, 7, 1, 3, 0, 6, 4, 2], [3, 1, 6, 4, 0, 7, 5, 2], [1, 6, 2, 5, 7, 4, 0, 3]] 
Generation 182 (3) (U.S: 3) -> [[5, 7, 1, 3, 0, 6, 4, 2], [3, 1, 6, 4, 0, 7, 5, 2], [1, 6, 2, 5, 7, 4, 0, 3]] 
Generation 183 (3) (U.S: 3) -> [[5, 7, 1, 3, 0, 6, 4, 2], [3, 1, 6, 4, 0, 7, 5, 2], [1, 6, 2, 5, 7, 4, 0, 3]] 
Generation 184 (3) (U.S: 3) -> [[5, 7, 1, 3, 0, 6, 4, 2], [3, 1, 6, 4, 0, 7, 5, 2], [1, 6, 2, 5, 7, 4, 0, 3]] 
Generation 185 (3) (U.S: 3) -> [[5, 7, 1, 3, 0, 6, 4, 2], [3, 1, 6, 4, 0, 7, 5, 2], [1, 6, 2, 5, 7, 4, 0, 3]] 
Generation 186 (3) (U.S: 3) -> [[5, 7, 1, 3, 0, 6, 4, 2], [3, 1, 6, 4, 0, 7, 5, 2], [1, 6, 2, 5, 7, 4, 0, 3]] 
Generation 187 (3) (U.S: 3) -> [[5, 7, 1, 3, 0, 6, 4, 2], [3, 1, 6, 4, 0, 7, 5, 2], [1, 6, 2, 5, 7, 4, 0, 3]] 
Generation 188 (3) (U.S: 3) -> [[5, 7, 1, 3, 0, 6, 4, 2], [3, 1, 6, 4, 0, 7, 5, 2], [1, 6, 2, 5, 7, 4, 0, 3]] 
Generation 189 (3) (U.S: 3) -> [[5, 7, 1, 3, 0, 6, 4, 2], [3, 1, 6, 4, 0, 7, 5, 2], [1, 6, 2, 5, 7, 4, 0, 3]] 
Generation 190 (3) (U.S: 3) -> [[5, 7, 1, 3, 0, 6, 4, 2], [3, 1, 6, 4, 0, 7, 5, 2], [1, 6, 2, 5, 7, 4, 0, 3]] 
Generation 191 (3) (U.S: 3) -> [[5, 7, 1, 3, 0, 6, 4, 2], [3, 1, 6, 4, 0, 7, 5, 2], [1, 6, 2, 5, 7, 4, 0, 3]] 
Generation 192 (3) (U.S: 3) -> [[5, 7, 1, 3, 0, 6, 4, 2], [3, 1, 6, 4, 0, 7, 5, 2], [1, 6, 2, 5, 7, 4, 0, 3]] 
Generation 193 (3) (U.S: 3) -> [[5, 7, 1, 3, 0, 6, 4, 2], [3, 1, 6, 4, 0, 7, 5, 2], [1, 6, 2, 5, 7, 4, 0, 3]] 
Generation 194 (3) (U.S: 3) -> [[5, 7, 1, 3, 0, 6, 4, 2], [3, 1, 6, 4, 0, 7, 5, 2], [1, 6, 2, 5, 7, 4, 0, 3]] 
Generation 195 (3) (U.S: 3) -> [[5, 7, 1, 3, 0, 6, 4, 2], [3, 1, 6, 4, 0, 7, 5, 2], [1, 6, 2, 5, 7, 4, 0, 3]] 
Generation 196 (3) (U.S: 3) -> [[5, 7, 1, 3, 0, 6, 4, 2], [3, 1, 6, 4, 0, 7, 5, 2], [1, 6, 2, 5, 7, 4, 0, 3]] 
Generation 197 (3) (U.S: 3) -> [[5, 7, 1, 3, 0, 6, 4, 2], [3, 1, 6, 4, 0, 7, 5, 2], [1, 6, 2, 5, 7, 4, 0, 3]] 
Generation 198 (3) (U.S: 3) -> [[5, 7, 1, 3, 0, 6, 4, 2], [3, 1, 6, 4, 0, 7, 5, 2], [1, 6, 2, 5, 7, 4, 0, 3]] 
Generation 199 (3) (U.S: 3) -> [[5, 7, 1, 3, 0, 6, 4, 2], [3, 1, 6, 4, 0, 7, 5, 2], [1, 6, 2, 5, 7, 4, 0, 3]] 
Generation 200 (3) (U.S: 3) -> [[5, 7, 1, 3, 0, 6, 4, 2], [3, 1, 6, 4, 0, 7, 5, 2], [1, 6, 2, 5, 7, 4, 0, 3]] 
Generation 201 (3) (U.S: 3) -> [[5, 7, 1, 3, 0, 6, 4, 2], [3, 1, 6, 4, 0, 7, 5, 2], [1, 6, 2, 5, 7, 4, 0, 3]] 
Generation 202 (3) (U.S: 3) -> [[5, 7, 1, 3, 0, 6, 4, 2], [3, 1, 6, 4, 0, 7, 5, 2], [1, 6, 2, 5, 7, 4, 0, 3]] 
Generation 203 (3) (U.S: 3) -> [[5, 7, 1, 3, 0, 6, 4, 2], [3, 1, 6, 4, 0, 7, 5, 2], [1, 6, 2, 5, 7, 4, 0, 3]] 
Generation 204 (3) (U.S: 3) -> [[5, 7, 1, 3, 0, 6, 4, 2], [3, 1, 6, 4, 0, 7, 5, 2], [1, 6, 2, 5, 7, 4, 0, 3]] 
Generation 205 (3) (U.S: 3) -> [[5, 7, 1, 3, 0, 6, 4, 2], [3, 1, 6, 4, 0, 7, 5, 2], [1, 6, 2, 5, 7, 4, 0, 3]] 
Generation 206 (3) (U.S: 3) -> [[5, 7, 1, 3, 0, 6, 4, 2], [3, 1, 6, 4, 0, 7, 5, 2], [1, 6, 2, 5, 7, 4, 0, 3]] 
Generation 207 (3) (U.S: 3) -> [[5, 7, 1, 3, 0, 6, 4, 2], [3, 1, 6, 4, 0, 7, 5, 2], [1, 6, 2, 5, 7, 4, 0, 3]] 
Generation 208 (3) (U.S: 3) -> [[5, 7, 1, 3, 0, 6, 4, 2], [3, 1, 6, 4, 0, 7, 5, 2], [1, 6, 2, 5, 7, 4, 0, 3]] 
Generation 209 (3) (U.S: 3) -> [[5, 7, 1, 3, 0, 6, 4, 2], [3, 1, 6, 4, 0, 7, 5, 2], [1, 6, 2, 5, 7, 4, 0, 3]] 
Generation 210 (3) (U.S: 3) -> [[5, 7, 1, 3, 0, 6, 4, 2], [3, 1, 6, 4, 0, 7, 5, 2], [1, 6, 2, 5, 7, 4, 0, 3]] 
Generation 211 (3) (U.S: 3) -> [[5, 7, 1, 3, 0, 6, 4, 2], [3, 1, 6, 4, 0, 7, 5, 2], [1, 6, 2, 5, 7, 4, 0, 3]] 
Generation 212 (3) (U.S: 3) -> [[5, 7, 1, 3, 0, 6, 4, 2], [3, 1, 6, 4, 0, 7, 5, 2], [1, 6, 2, 5, 7, 4, 0, 3]] 
Generation 213 (3) (U.S: 3) -> [[5, 7, 1, 3, 0, 6, 4, 2], [3, 1, 6, 4, 0, 7, 5, 2], [1, 6, 2, 5, 7, 4, 0, 3]] 
Generation 214 (3) (U.S: 3) -> [[5, 7, 1, 3, 0, 6, 4, 2], [3, 1, 6, 4, 0, 7, 5, 2], [1, 6, 2, 5, 7, 4, 0, 3]] 
Generation 215 (3) (U.S: 3) -> [[5, 7, 1, 3, 0, 6, 4, 2], [3, 1, 6, 4, 0, 7, 5, 2], [1, 6, 2, 5, 7, 4, 0, 3]] 
Generation 216 (3) (U.S: 3) -> [[5, 7, 1, 3, 0, 6, 4, 2], [3, 1, 6, 4, 0, 7, 5, 2], [1, 6, 2, 5, 7, 4, 0, 3]] 
Generation 217 (3) (U.S: 3) -> [[5, 7, 1, 3, 0, 6, 4, 2], [3, 1, 6, 4, 0, 7, 5, 2], [1, 6, 2, 5, 7, 4, 0, 3]] 
Generation 218 (3) (U.S: 3) -> [[5, 7, 1, 3, 0, 6, 4, 2], [3, 1, 6, 4, 0, 7, 5, 2], [1, 6, 2, 5, 7, 4, 0, 3]] 
Generation 219 (3) (U.S: 3) -> [[5, 7, 1, 3, 0, 6, 4, 2], [3, 1, 6, 4, 0, 7, 5, 2], [1, 6, 2, 5, 7, 4, 0, 3]] 
Generation 220 (3) (U.S: 3) -> [[5, 7, 1, 3, 0, 6, 4, 2], [3, 1, 6, 4, 0, 7, 5, 2], [1, 6, 2, 5, 7, 4, 0, 3]] 
Generation 221 (3) (U.S: 3) -> [[5, 7, 1, 3, 0, 6, 4, 2], [3, 1, 6, 4, 0, 7, 5, 2], [1, 6, 2, 5, 7, 4, 0, 3]] 
Generation 222 (3) (U.S: 3) -> [[5, 7, 1, 3, 0, 6, 4, 2], [3, 1, 6, 4, 0, 7, 5, 2], [1, 6, 2, 5, 7, 4, 0, 3]] 
Generation 223 (3) (U.S: 3) -> [[5, 7, 1, 3, 0, 6, 4, 2], [3, 1, 6, 4, 0, 7, 5, 2], [1, 6, 2, 5, 7, 4, 0, 3]] 
Generation 224 (3) (U.S: 3) -> [[5, 7, 1, 3, 0, 6, 4, 2], [3, 1, 6, 4, 0, 7, 5, 2], [1, 6, 2, 5, 7, 4, 0, 3]] 
Generation 225 (3) (U.S: 3) -> [[5, 7, 1, 3, 0, 6, 4, 2], [3, 1, 6, 4, 0, 7, 5, 2], [1, 6, 2, 5, 7, 4, 0, 3]] 
Generation 226 (3) (U.S: 3) -> [[5, 7, 1, 3, 0, 6, 4, 2], [3, 1, 6, 4, 0, 7, 5, 2], [1, 6, 2, 5, 7, 4, 0, 3]] 
Generation 227 (3) (U.S: 3) -> [[5, 7, 1, 3, 0, 6, 4, 2], [3, 1, 6, 4, 0, 7, 5, 2], [1, 6, 2, 5, 7, 4, 0, 3]] 
Generation 228 (4) (U.S: 4) -> [[5, 7, 1, 3, 0, 6, 4, 2], [3, 1, 6, 4, 0, 7, 5, 2], [1, 6, 2, 5, 7, 4, 0, 3], [3, 0, 4, 7, 1, 6, 2, 5]] 
Generation 229 (4) (U.S: 4) -> [[5, 7, 1, 3, 0, 6, 4, 2], [3, 1, 6, 4, 0, 7, 5, 2], [1, 6, 2, 5, 7, 4, 0, 3], [3, 0, 4, 7, 1, 6, 2, 5]] 
Generation 230 (4) (U.S: 4) -> [[5, 7, 1, 3, 0, 6, 4, 2], [3, 1, 6, 4, 0, 7, 5, 2], [1, 6, 2, 5, 7, 4, 0, 3], [3, 0, 4, 7, 1, 6, 2, 5]] 
Generation 231 (4) (U.S: 4) -> [[5, 7, 1, 3, 0, 6, 4, 2], [3, 1, 6, 4, 0, 7, 5, 2], [1, 6, 2, 5, 7, 4, 0, 3], [3, 0, 4, 7, 1, 6, 2, 5]] 
Generation 232 (4) (U.S: 4) -> [[5, 7, 1, 3, 0, 6, 4, 2], [3, 1, 6, 4, 0, 7, 5, 2], [1, 6, 2, 5, 7, 4, 0, 3], [3, 0, 4, 7, 1, 6, 2, 5]] 
Generation 233 (4) (U.S: 4) -> [[5, 7, 1, 3, 0, 6, 4, 2], [3, 1, 6, 4, 0, 7, 5, 2], [1, 6, 2, 5, 7, 4, 0, 3], [3, 0, 4, 7, 1, 6, 2, 5]] 
Generation 234 (4) (U.S: 4) -> [[5, 7, 1, 3, 0, 6, 4, 2], [3, 1, 6, 4, 0, 7, 5, 2], [1, 6, 2, 5, 7, 4, 0, 3], [3, 0, 4, 7, 1, 6, 2, 5]] 
Generation 235 (4) (U.S: 4) -> [[5, 7, 1, 3, 0, 6, 4, 2], [3, 1, 6, 4, 0, 7, 5, 2], [1, 6, 2, 5, 7, 4, 0, 3], [3, 0, 4, 7, 1, 6, 2, 5]] 
Generation 236 (4) (U.S: 4) -> [[5, 7, 1, 3, 0, 6, 4, 2], [3, 1, 6, 4, 0, 7, 5, 2], [1, 6, 2, 5, 7, 4, 0, 3], [3, 0, 4, 7, 1, 6, 2, 5]] 
Generation 237 (4) (U.S: 4) -> [[5, 7, 1, 3, 0, 6, 4, 2], [3, 1, 6, 4, 0, 7, 5, 2], [1, 6, 2, 5, 7, 4, 0, 3], [3, 0, 4, 7, 1, 6, 2, 5]] 
Generation 238 (4) (U.S: 4) -> [[5, 7, 1, 3, 0, 6, 4, 2], [3, 1, 6, 4, 0, 7, 5, 2], [1, 6, 2, 5, 7, 4, 0, 3], [3, 0, 4, 7, 1, 6, 2, 5]] 
Generation 239 (4) (U.S: 4) -> [[5, 7, 1, 3, 0, 6, 4, 2], [3, 1, 6, 4, 0, 7, 5, 2], [1, 6, 2, 5, 7, 4, 0, 3], [3, 0, 4, 7, 1, 6, 2, 5]] 
Generation 240 (4) (U.S: 4) -> [[5, 7, 1, 3, 0, 6, 4, 2], [3, 1, 6, 4, 0, 7, 5, 2], [1, 6, 2, 5, 7, 4, 0, 3], [3, 0, 4, 7, 1, 6, 2, 5]] 
Generation 241 (4) (U.S: 4) -> [[5, 7, 1, 3, 0, 6, 4, 2], [3, 1, 6, 4, 0, 7, 5, 2], [1, 6, 2, 5, 7, 4, 0, 3], [3, 0, 4, 7, 1, 6, 2, 5]] 
Generation 242 (4) (U.S: 4) -> [[5, 7, 1, 3, 0, 6, 4, 2], [3, 1, 6, 4, 0, 7, 5, 2], [1, 6, 2, 5, 7, 4, 0, 3], [3, 0, 4, 7, 1, 6, 2, 5]] 
Generation 243 (4) (U.S: 4) -> [[5, 7, 1, 3, 0, 6, 4, 2], [3, 1, 6, 4, 0, 7, 5, 2], [1, 6, 2, 5, 7, 4, 0, 3], [3, 0, 4, 7, 1, 6, 2, 5]] 
Generation 244 (4) (U.S: 4) -> [[5, 7, 1, 3, 0, 6, 4, 2], [3, 1, 6, 4, 0, 7, 5, 2], [1, 6, 2, 5, 7, 4, 0, 3], [3, 0, 4, 7, 1, 6, 2, 5]] 
Generation 245 (4) (U.S: 4) -> [[5, 7, 1, 3, 0, 6, 4, 2], [3, 1, 6, 4, 0, 7, 5, 2], [1, 6, 2, 5, 7, 4, 0, 3], [3, 0, 4, 7, 1, 6, 2, 5]] 
Generation 246 (4) (U.S: 4) -> [[5, 7, 1, 3, 0, 6, 4, 2], [3, 1, 6, 4, 0, 7, 5, 2], [1, 6, 2, 5, 7, 4, 0, 3], [3, 0, 4, 7, 1, 6, 2, 5]] 
Generation 247 (4) (U.S: 4) -> [[5, 7, 1, 3, 0, 6, 4, 2], [3, 1, 6, 4, 0, 7, 5, 2], [1, 6, 2, 5, 7, 4, 0, 3], [3, 0, 4, 7, 1, 6, 2, 5]] 
Generation 248 (4) (U.S: 4) -> [[5, 7, 1, 3, 0, 6, 4, 2], [3, 1, 6, 4, 0, 7, 5, 2], [1, 6, 2, 5, 7, 4, 0, 3], [3, 0, 4, 7, 1, 6, 2, 5]] 
Generation 249 (4) (U.S: 4) -> [[5, 7, 1, 3, 0, 6, 4, 2], [3, 1, 6, 4, 0, 7, 5, 2], [1, 6, 2, 5, 7, 4, 0, 3], [3, 0, 4, 7, 1, 6, 2, 5]] 
Generation 250 (4) (U.S: 4) -> [[5, 7, 1, 3, 0, 6, 4, 2], [3, 1, 6, 4, 0, 7, 5, 2], [1, 6, 2, 5, 7, 4, 0, 3], [3, 0, 4, 7, 1, 6, 2, 5]] 
Generation 251 (4) (U.S: 4) -> [[5, 7, 1, 3, 0, 6, 4, 2], [3, 1, 6, 4, 0, 7, 5, 2], [1, 6, 2, 5, 7, 4, 0, 3], [3, 0, 4, 7, 1, 6, 2, 5]] 
Generation 252 (4) (U.S: 4) -> [[5, 7, 1, 3, 0, 6, 4, 2], [3, 1, 6, 4, 0, 7, 5, 2], [1, 6, 2, 5, 7, 4, 0, 3], [3, 0, 4, 7, 1, 6, 2, 5]] 
Generation 253 (4) (U.S: 4) -> [[5, 7, 1, 3, 0, 6, 4, 2], [3, 1, 6, 4, 0, 7, 5, 2], [1, 6, 2, 5, 7, 4, 0, 3], [3, 0, 4, 7, 1, 6, 2, 5]] 
Generation 254 (4) (U.S: 4) -> [[5, 7, 1, 3, 0, 6, 4, 2], [3, 1, 6, 4, 0, 7, 5, 2], [1, 6, 2, 5, 7, 4, 0, 3], [3, 0, 4, 7, 1, 6, 2, 5]] 
Generation 255 (4) (U.S: 4) -> [[5, 7, 1, 3, 0, 6, 4, 2], [3, 1, 6, 4, 0, 7, 5, 2], [1, 6, 2, 5, 7, 4, 0, 3], [3, 0, 4, 7, 1, 6, 2, 5]] 
Generation 256 (4) (U.S: 4) -> [[5, 7, 1, 3, 0, 6, 4, 2], [3, 1, 6, 4, 0, 7, 5, 2], [1, 6, 2, 5, 7, 4, 0, 3], [3, 0, 4, 7, 1, 6, 2, 5]] 
Generation 257 (4) (U.S: 4) -> [[5, 7, 1, 3, 0, 6, 4, 2], [3, 1, 6, 4, 0, 7, 5, 2], [1, 6, 2, 5, 7, 4, 0, 3], [3, 0, 4, 7, 1, 6, 2, 5]] 
Generation 258 (4) (U.S: 4) -> [[5, 7, 1, 3, 0, 6, 4, 2], [3, 1, 6, 4, 0, 7, 5, 2], [1, 6, 2, 5, 7, 4, 0, 3], [3, 0, 4, 7, 1, 6, 2, 5]] 
Generation 259 (4) (U.S: 4) -> [[5, 7, 1, 3, 0, 6, 4, 2], [3, 1, 6, 4, 0, 7, 5, 2], [1, 6, 2, 5, 7, 4, 0, 3], [3, 0, 4, 7, 1, 6, 2, 5]] 
Generation 260 (4) (U.S: 4) -> [[5, 7, 1, 3, 0, 6, 4, 2], [3, 1, 6, 4, 0, 7, 5, 2], [1, 6, 2, 5, 7, 4, 0, 3], [3, 0, 4, 7, 1, 6, 2, 5]] 
Generation 261 (4) (U.S: 4) -> [[5, 7, 1, 3, 0, 6, 4, 2], [3, 1, 6, 4, 0, 7, 5, 2], [1, 6, 2, 5, 7, 4, 0, 3], [3, 0, 4, 7, 1, 6, 2, 5]] 
Generation 262 (4) (U.S: 4) -> [[5, 7, 1, 3, 0, 6, 4, 2], [3, 1, 6, 4, 0, 7, 5, 2], [1, 6, 2, 5, 7, 4, 0, 3], [3, 0, 4, 7, 1, 6, 2, 5]] 
Generation 263 (4) (U.S: 4) -> [[5, 7, 1, 3, 0, 6, 4, 2], [3, 1, 6, 4, 0, 7, 5, 2], [1, 6, 2, 5, 7, 4, 0, 3], [3, 0, 4, 7, 1, 6, 2, 5]] 
Generation 264 (4) (U.S: 4) -> [[5, 7, 1, 3, 0, 6, 4, 2], [3, 1, 6, 4, 0, 7, 5, 2], [1, 6, 2, 5, 7, 4, 0, 3], [3, 0, 4, 7, 1, 6, 2, 5]] 
Generation 265 (4) (U.S: 4) -> [[5, 7, 1, 3, 0, 6, 4, 2], [3, 1, 6, 4, 0, 7, 5, 2], [1, 6, 2, 5, 7, 4, 0, 3], [3, 0, 4, 7, 1, 6, 2, 5]] 
Generation 266 (4) (U.S: 4) -> [[5, 7, 1, 3, 0, 6, 4, 2], [3, 1, 6, 4, 0, 7, 5, 2], [1, 6, 2, 5, 7, 4, 0, 3], [3, 0, 4, 7, 1, 6, 2, 5]] 
Generation 267 (4) (U.S: 4) -> [[5, 7, 1, 3, 0, 6, 4, 2], [3, 1, 6, 4, 0, 7, 5, 2], [1, 6, 2, 5, 7, 4, 0, 3], [3, 0, 4, 7, 1, 6, 2, 5]] 
Generation 268 (4) (U.S: 4) -> [[5, 7, 1, 3, 0, 6, 4, 2], [3, 1, 6, 4, 0, 7, 5, 2], [1, 6, 2, 5, 7, 4, 0, 3], [3, 0, 4, 7, 1, 6, 2, 5]] 
Generation 269 (4) (U.S: 4) -> [[5, 7, 1, 3, 0, 6, 4, 2], [3, 1, 6, 4, 0, 7, 5, 2], [1, 6, 2, 5, 7, 4, 0, 3], [3, 0, 4, 7, 1, 6, 2, 5]] 
Generation 270 (4) (U.S: 4) -> [[5, 7, 1, 3, 0, 6, 4, 2], [3, 1, 6, 4, 0, 7, 5, 2], [1, 6, 2, 5, 7, 4, 0, 3], [3, 0, 4, 7, 1, 6, 2, 5]] 
Generation 271 (4) (U.S: 4) -> [[5, 7, 1, 3, 0, 6, 4, 2], [3, 1, 6, 4, 0, 7, 5, 2], [1, 6, 2, 5, 7, 4, 0, 3], [3, 0, 4, 7, 1, 6, 2, 5]] 
Generation 272 (4) (U.S: 4) -> [[5, 7, 1, 3, 0, 6, 4, 2], [3, 1, 6, 4, 0, 7, 5, 2], [1, 6, 2, 5, 7, 4, 0, 3], [3, 0, 4, 7, 1, 6, 2, 5]] 
Generation 273 (4) (U.S: 4) -> [[5, 7, 1, 3, 0, 6, 4, 2], [3, 1, 6, 4, 0, 7, 5, 2], [1, 6, 2, 5, 7, 4, 0, 3], [3, 0, 4, 7, 1, 6, 2, 5]] 
Generation 274 (4) (U.S: 4) -> [[5, 7, 1, 3, 0, 6, 4, 2], [3, 1, 6, 4, 0, 7, 5, 2], [1, 6, 2, 5, 7, 4, 0, 3], [3, 0, 4, 7, 1, 6, 2, 5]] 
Generation 275 (4) (U.S: 4) -> [[5, 7, 1, 3, 0, 6, 4, 2], [3, 1, 6, 4, 0, 7, 5, 2], [1, 6, 2, 5, 7, 4, 0, 3], [3, 0, 4, 7, 1, 6, 2, 5]] 
Generation 276 (4) (U.S: 4) -> [[5, 7, 1, 3, 0, 6, 4, 2], [3, 1, 6, 4, 0, 7, 5, 2], [1, 6, 2, 5, 7, 4, 0, 3], [3, 0, 4, 7, 1, 6, 2, 5]] 
Generation 277 (4) (U.S: 4) -> [[5, 7, 1, 3, 0, 6, 4, 2], [3, 1, 6, 4, 0, 7, 5, 2], [1, 6, 2, 5, 7, 4, 0, 3], [3, 0, 4, 7, 1, 6, 2, 5]] 
Generation 278 (4) (U.S: 4) -> [[5, 7, 1, 3, 0, 6, 4, 2], [3, 1, 6, 4, 0, 7, 5, 2], [1, 6, 2, 5, 7, 4, 0, 3], [3, 0, 4, 7, 1, 6, 2, 5]] 
Generation 279 (4) (U.S: 4) -> [[5, 7, 1, 3, 0, 6, 4, 2], [3, 1, 6, 4, 0, 7, 5, 2], [1, 6, 2, 5, 7, 4, 0, 3], [3, 0, 4, 7, 1, 6, 2, 5]] 
Generation 280 (4) (U.S: 4) -> [[5, 7, 1, 3, 0, 6, 4, 2], [3, 1, 6, 4, 0, 7, 5, 2], [1, 6, 2, 5, 7, 4, 0, 3], [3, 0, 4, 7, 1, 6, 2, 5]] 
Generation 281 (4) (U.S: 4) -> [[5, 7, 1, 3, 0, 6, 4, 2], [3, 1, 6, 4, 0, 7, 5, 2], [1, 6, 2, 5, 7, 4, 0, 3], [3, 0, 4, 7, 1, 6, 2, 5]] 
Generation 282 (4) (U.S: 4) -> [[5, 7, 1, 3, 0, 6, 4, 2], [3, 1, 6, 4, 0, 7, 5, 2], [1, 6, 2, 5, 7, 4, 0, 3], [3, 0, 4, 7, 1, 6, 2, 5]] 
Generation 283 (4) (U.S: 4) -> [[5, 7, 1, 3, 0, 6, 4, 2], [3, 1, 6, 4, 0, 7, 5, 2], [1, 6, 2, 5, 7, 4, 0, 3], [3, 0, 4, 7, 1, 6, 2, 5]] 
Generation 284 (4) (U.S: 4) -> [[5, 7, 1, 3, 0, 6, 4, 2], [3, 1, 6, 4, 0, 7, 5, 2], [1, 6, 2, 5, 7, 4, 0, 3], [3, 0, 4, 7, 1, 6, 2, 5]] 
Generation 285 (4) (U.S: 4) -> [[5, 7, 1, 3, 0, 6, 4, 2], [3, 1, 6, 4, 0, 7, 5, 2], [1, 6, 2, 5, 7, 4, 0, 3], [3, 0, 4, 7, 1, 6, 2, 5]] 
Generation 286 (4) (U.S: 4) -> [[5, 7, 1, 3, 0, 6, 4, 2], [3, 1, 6, 4, 0, 7, 5, 2], [1, 6, 2, 5, 7, 4, 0, 3], [3, 0, 4, 7, 1, 6, 2, 5]] 
Generation 287 (4) (U.S: 4) -> [[5, 7, 1, 3, 0, 6, 4, 2], [3, 1, 6, 4, 0, 7, 5, 2], [1, 6, 2, 5, 7, 4, 0, 3], [3, 0, 4, 7, 1, 6, 2, 5]] 
Generation 288 (4) (U.S: 4) -> [[5, 7, 1, 3, 0, 6, 4, 2], [3, 1, 6, 4, 0, 7, 5, 2], [1, 6, 2, 5, 7, 4, 0, 3], [3, 0, 4, 7, 1, 6, 2, 5]] 
Generation 289 (4) (U.S: 4) -> [[5, 7, 1, 3, 0, 6, 4, 2], [3, 1, 6, 4, 0, 7, 5, 2], [1, 6, 2, 5, 7, 4, 0, 3], [3, 0, 4, 7, 1, 6, 2, 5]] 
Generation 290 (4) (U.S: 4) -> [[5, 7, 1, 3, 0, 6, 4, 2], [3, 1, 6, 4, 0, 7, 5, 2], [1, 6, 2, 5, 7, 4, 0, 3], [3, 0, 4, 7, 1, 6, 2, 5]] 
Generation 291 (4) (U.S: 4) -> [[5, 7, 1, 3, 0, 6, 4, 2], [3, 1, 6, 4, 0, 7, 5, 2], [1, 6, 2, 5, 7, 4, 0, 3], [3, 0, 4, 7, 1, 6, 2, 5]] 
Generation 292 (4) (U.S: 4) -> [[5, 7, 1, 3, 0, 6, 4, 2], [3, 1, 6, 4, 0, 7, 5, 2], [1, 6, 2, 5, 7, 4, 0, 3], [3, 0, 4, 7, 1, 6, 2, 5]] 
Generation 293 (4) (U.S: 4) -> [[5, 7, 1, 3, 0, 6, 4, 2], [3, 1, 6, 4, 0, 7, 5, 2], [1, 6, 2, 5, 7, 4, 0, 3], [3, 0, 4, 7, 1, 6, 2, 5]] 
Generation 294 (4) (U.S: 4) -> [[5, 7, 1, 3, 0, 6, 4, 2], [3, 1, 6, 4, 0, 7, 5, 2], [1, 6, 2, 5, 7, 4, 0, 3], [3, 0, 4, 7, 1, 6, 2, 5]] 
Generation 295 (4) (U.S: 4) -> [[5, 7, 1, 3, 0, 6, 4, 2], [3, 1, 6, 4, 0, 7, 5, 2], [1, 6, 2, 5, 7, 4, 0, 3], [3, 0, 4, 7, 1, 6, 2, 5]] 
Generation 296 (4) (U.S: 4) -> [[5, 7, 1, 3, 0, 6, 4, 2], [3, 1, 6, 4, 0, 7, 5, 2], [1, 6, 2, 5, 7, 4, 0, 3], [3, 0, 4, 7, 1, 6, 2, 5]] 
Generation 297 (4) (U.S: 4) -> [[5, 7, 1, 3, 0, 6, 4, 2], [3, 1, 6, 4, 0, 7, 5, 2], [1, 6, 2, 5, 7, 4, 0, 3], [3, 0, 4, 7, 1, 6, 2, 5]] 
Generation 298 (4) (U.S: 4) -> [[5, 7, 1, 3, 0, 6, 4, 2], [3, 1, 6, 4, 0, 7, 5, 2], [1, 6, 2, 5, 7, 4, 0, 3], [3, 0, 4, 7, 1, 6, 2, 5]] 
Generation 299 (4) (U.S: 4) -> [[5, 7, 1, 3, 0, 6, 4, 2], [3, 1, 6, 4, 0, 7, 5, 2], [1, 6, 2, 5, 7, 4, 0, 3], [3, 0, 4, 7, 1, 6, 2, 5]] 
Generation 300 (4) (U.S: 4) -> [[5, 7, 1, 3, 0, 6, 4, 2], [3, 1, 6, 4, 0, 7, 5, 2], [1, 6, 2, 5, 7, 4, 0, 3], [3, 0, 4, 7, 1, 6, 2, 5]] 
------------------------------------ 
The 4 solutions found are: 
5
7
1
3
0
6
4
2
3
1
6
4
0
7
5
2
1
6
2
5
7
4
0
3
3
0
4
7
1
6
2
5
