lengthPopulation: 250 
lengthChromosome: 8 
lengthMatingPool: 220 
generations:  300 
------------------------------------ 
Selection Method: Tournament 
Reproduction Method: Cross and mutation 
Replacement Selection Method: Random 

Results: 
Generation 1 (1) (U.S: 1) -> [[5, 2, 6, 1, 7, 4, 0, 3]] 
Generation 2 (1) (U.S: 1) -> [[5, 2, 6, 1, 7, 4, 0, 3]] 
Generation 3 (1) (U.S: 1) -> [[5, 2, 6, 1, 7, 4, 0, 3]] 
Generation 4 (2) (U.S: 2) -> [[5, 2, 6, 1, 7, 4, 0, 3], [1, 6, 2, 5, 7, 4, 0, 3]] 
Generation 7 (1) (U.S: 1) -> [[4, 1, 3, 6, 2, 7, 5, 0]] 
Generation 11 (1) (U.S: 1) -> [[6, 1, 5, 2, 0, 3, 7, 4]] 
Generation 12 (1) (U.S: 1) -> [[6, 1, 5, 2, 0, 3, 7, 4]] 
Generation 13 (1) (U.S: 1) -> [[6, 1, 5, 2, 0, 3, 7, 4]] 
Generation 14 (2) (U.S: 1) -> [[4, 6, 1, 3, 7, 0, 2, 5], [4, 6, 1, 3, 7, 0, 2, 5]] 
Generation 15 (2) (U.S: 1) -> [[4, 6, 1, 3, 7, 0, 2, 5], [4, 6, 1, 3, 7, 0, 2, 5]] 
Generation 16 (2) (U.S: 2) -> [[4, 6, 1, 3, 7, 0, 2, 5], [0, 6, 4, 7, 1, 3, 5, 2]] 
Generation 17 (2) (U.S: 2) -> [[4, 6, 1, 3, 7, 0, 2, 5], [0, 6, 4, 7, 1, 3, 5, 2]] 
Generation 18 (2) (U.S: 2) -> [[4, 6, 1, 3, 7, 0, 2, 5], [0, 6, 4, 7, 1, 3, 5, 2]] 
Generation 19 (1) (U.S: 1) -> [[0, 6, 4, 7, 1, 3, 5, 2]] 
Generation 20 (2) (U.S: 2) -> [[0, 6, 4, 7, 1, 3, 5, 2], [2, 5, 3, 0, 7, 4, 6, 1]] 
Generation 21 (4) (U.S: 2) -> [[2, 5, 3, 0, 7, 4, 6, 1], [0, 6, 4, 7, 1, 3, 5, 2], [0, 6, 4, 7, 1, 3, 5, 2], [2, 5, 3, 0, 7, 4, 6, 1]] 
Generation 22 (4) (U.S: 2) -> [[2, 5, 3, 0, 7, 4, 6, 1], [0, 6, 4, 7, 1, 3, 5, 2], [0, 6, 4, 7, 1, 3, 5, 2], [2, 5, 3, 0, 7, 4, 6, 1]] 
Generation 23 (2) (U.S: 1) -> [[2, 5, 3, 0, 7, 4, 6, 1], [2, 5, 3, 0, 7, 4, 6, 1]] 
Generation 24 (2) (U.S: 1) -> [[2, 5, 3, 0, 7, 4, 6, 1], [2, 5, 3, 0, 7, 4, 6, 1]] 
Generation 25 (2) (U.S: 1) -> [[2, 5, 3, 0, 7, 4, 6, 1], [2, 5, 3, 0, 7, 4, 6, 1]] 
Generation 26 (1) (U.S: 1) -> [[2, 5, 3, 0, 7, 4, 6, 1]] 
Generation 27 (1) (U.S: 1) -> [[2, 5, 3, 0, 7, 4, 6, 1]] 
Generation 28 (1) (U.S: 1) -> [[2, 5, 3, 0, 7, 4, 6, 1]] 
Generation 36 (1) (U.S: 1) -> [[5, 7, 1, 3, 0, 6, 4, 2]] 
Generation 37 (1) (U.S: 1) -> [[5, 7, 1, 3, 0, 6, 4, 2]] 
Generation 40 (1) (U.S: 1) -> [[6, 1, 5, 2, 0, 3, 7, 4]] 
Generation 41 (2) (U.S: 2) -> [[6, 1, 5, 2, 0, 3, 7, 4], [4, 6, 1, 3, 7, 0, 2, 5]] 
Generation 42 (3) (U.S: 3) -> [[6, 1, 5, 2, 0, 3, 7, 4], [4, 6, 1, 3, 7, 0, 2, 5], [2, 5, 3, 0, 7, 4, 6, 1]] 
Generation 43 (4) (U.S: 4) -> [[6, 1, 5, 2, 0, 3, 7, 4], [2, 5, 1, 4, 7, 0, 6, 3], [4, 6, 1, 3, 7, 0, 2, 5], [2, 5, 3, 0, 7, 4, 6, 1]] 
Generation 44 (2) (U.S: 2) -> [[6, 1, 5, 2, 0, 3, 7, 4], [2, 5, 3, 0, 7, 4, 6, 1]] 
Generation 46 (1) (U.S: 1) -> [[2, 5, 3, 0, 7, 4, 6, 1]] 
Generation 50 (1) (U.S: 1) -> [[3, 6, 2, 7, 1, 4, 0, 5]] 
Generation 51 (1) (U.S: 1) -> [[3, 6, 2, 7, 1, 4, 0, 5]] 
Generation 52 (1) (U.S: 1) -> [[3, 6, 2, 7, 1, 4, 0, 5]] 
Generation 57 (2) (U.S: 2) -> [[1, 4, 6, 0, 2, 7, 5, 3], [5, 2, 6, 3, 0, 7, 1, 4]] 
Generation 58 (3) (U.S: 2) -> [[1, 4, 6, 0, 2, 7, 5, 3], [1, 4, 6, 0, 2, 7, 5, 3], [5, 2, 6, 3, 0, 7, 1, 4]] 
Generation 59 (4) (U.S: 3) -> [[1, 4, 6, 0, 2, 7, 5, 3], [1, 4, 6, 0, 2, 7, 5, 3], [5, 2, 6, 3, 0, 7, 1, 4], [4, 6, 1, 5, 2, 0, 3, 7]] 
Generation 60 (1) (U.S: 1) -> [[1, 4, 6, 0, 2, 7, 5, 3]] 
Generation 61 (1) (U.S: 1) -> [[6, 2, 7, 1, 4, 0, 5, 3]] 
Generation 64 (1) (U.S: 1) -> [[3, 5, 0, 4, 1, 7, 2, 6]] 
Generation 67 (2) (U.S: 1) -> [[3, 1, 6, 4, 0, 7, 5, 2], [3, 1, 6, 4, 0, 7, 5, 2]] 
Generation 68 (2) (U.S: 1) -> [[3, 1, 6, 4, 0, 7, 5, 2], [3, 1, 6, 4, 0, 7, 5, 2]] 
Generation 69 (3) (U.S: 2) -> [[4, 1, 3, 5, 7, 2, 0, 6], [3, 1, 6, 4, 0, 7, 5, 2], [3, 1, 6, 4, 0, 7, 5, 2]] 
Generation 70 (3) (U.S: 2) -> [[4, 1, 3, 5, 7, 2, 0, 6], [3, 1, 6, 4, 0, 7, 5, 2], [3, 1, 6, 4, 0, 7, 5, 2]] 
Generation 71 (2) (U.S: 1) -> [[3, 1, 6, 4, 0, 7, 5, 2], [3, 1, 6, 4, 0, 7, 5, 2]] 
Generation 72 (2) (U.S: 1) -> [[3, 1, 6, 4, 0, 7, 5, 2], [3, 1, 6, 4, 0, 7, 5, 2]] 
Generation 78 (1) (U.S: 1) -> [[1, 6, 2, 5, 7, 4, 0, 3]] 
Generation 79 (1) (U.S: 1) -> [[1, 6, 2, 5, 7, 4, 0, 3]] 
Generation 80 (1) (U.S: 1) -> [[1, 6, 2, 5, 7, 4, 0, 3]] 
Generation 85 (1) (U.S: 1) -> [[3, 1, 6, 2, 5, 7, 0, 4]] 
Generation 92 (1) (U.S: 1) -> [[4, 1, 3, 6, 2, 7, 5, 0]] 
Generation 93 (1) (U.S: 1) -> [[4, 1, 3, 6, 2, 7, 5, 0]] 
Generation 94 (1) (U.S: 1) -> [[0, 6, 4, 7, 1, 3, 5, 2]] 
Generation 95 (1) (U.S: 1) -> [[0, 6, 4, 7, 1, 3, 5, 2]] 
Generation 96 (2) (U.S: 2) -> [[2, 7, 3, 6, 0, 5, 1, 4], [0, 6, 4, 7, 1, 3, 5, 2]] 
Generation 97 (3) (U.S: 2) -> [[2, 7, 3, 6, 0, 5, 1, 4], [2, 7, 3, 6, 0, 5, 1, 4], [0, 6, 4, 7, 1, 3, 5, 2]] 
Generation 98 (2) (U.S: 2) -> [[4, 7, 3, 0, 2, 5, 1, 6], [0, 6, 4, 7, 1, 3, 5, 2]] 
Generation 99 (2) (U.S: 2) -> [[4, 7, 3, 0, 2, 5, 1, 6], [0, 6, 4, 7, 1, 3, 5, 2]] 
Generation 100 (2) (U.S: 2) -> [[4, 7, 3, 0, 2, 5, 1, 6], [0, 6, 4, 7, 1, 3, 5, 2]] 
Generation 101 (1) (U.S: 1) -> [[4, 7, 3, 0, 2, 5, 1, 6]] 
Generation 103 (1) (U.S: 1) -> [[3, 7, 4, 2, 0, 6, 1, 5]] 
Generation 104 (1) (U.S: 1) -> [[3, 7, 4, 2, 0, 6, 1, 5]] 
Generation 107 (1) (U.S: 1) -> [[4, 6, 1, 5, 2, 0, 7, 3]] 
Generation 108 (2) (U.S: 2) -> [[2, 5, 1, 6, 0, 3, 7, 4], [3, 7, 4, 2, 0, 6, 1, 5]] 
Generation 123 (2) (U.S: 2) -> [[4, 0, 7, 5, 2, 6, 1, 3], [3, 6, 0, 7, 4, 1, 5, 2]] 
Generation 124 (3) (U.S: 2) -> [[3, 6, 0, 7, 4, 1, 5, 2], [3, 6, 0, 7, 4, 1, 5, 2], [1, 3, 5, 7, 2, 0, 6, 4]] 
Generation 125 (5) (U.S: 4) -> [[3, 6, 0, 7, 4, 1, 5, 2], [3, 6, 0, 7, 4, 1, 5, 2], [4, 1, 3, 6, 2, 7, 5, 0], [2, 4, 1, 7, 0, 6, 3, 5], [4, 2, 0, 6, 1, 7, 5, 3]] 
Generation 126 (4) (U.S: 4) -> [[3, 6, 0, 7, 4, 1, 5, 2], [4, 1, 3, 6, 2, 7, 5, 0], [4, 6, 3, 0, 2, 7, 5, 1], [4, 2, 0, 6, 1, 7, 5, 3]] 
Generation 127 (3) (U.S: 3) -> [[4, 0, 7, 3, 1, 6, 2, 5], [4, 1, 3, 6, 2, 7, 5, 0], [4, 6, 3, 0, 2, 7, 5, 1]] 
Generation 128 (4) (U.S: 4) -> [[6, 3, 1, 7, 5, 0, 2, 4], [4, 0, 7, 3, 1, 6, 2, 5], [4, 1, 3, 6, 2, 7, 5, 0], [4, 6, 3, 0, 2, 7, 5, 1]] 
Generation 129 (4) (U.S: 4) -> [[6, 3, 1, 7, 5, 0, 2, 4], [4, 0, 7, 3, 1, 6, 2, 5], [4, 1, 3, 6, 2, 7, 5, 0], [4, 6, 3, 0, 2, 7, 5, 1]] 
Generation 130 (3) (U.S: 3) -> [[6, 3, 1, 7, 5, 0, 2, 4], [4, 0, 7, 3, 1, 6, 2, 5], [4, 6, 3, 0, 2, 7, 5, 1]] 
Generation 131 (3) (U.S: 3) -> [[6, 3, 1, 7, 5, 0, 2, 4], [4, 0, 7, 3, 1, 6, 2, 5], [4, 6, 3, 0, 2, 7, 5, 1]] 
Generation 132 (2) (U.S: 2) -> [[6, 3, 1, 7, 5, 0, 2, 4], [4, 6, 3, 0, 2, 7, 5, 1]] 
Generation 133 (2) (U.S: 2) -> [[3, 6, 4, 1, 5, 0, 2, 7], [4, 6, 3, 0, 2, 7, 5, 1]] 
Generation 134 (2) (U.S: 2) -> [[3, 6, 4, 1, 5, 0, 2, 7], [4, 6, 3, 0, 2, 7, 5, 1]] 
Generation 135 (2) (U.S: 2) -> [[3, 6, 4, 1, 5, 0, 2, 7], [4, 6, 3, 0, 2, 7, 5, 1]] 
Generation 136 (5) (U.S: 5) -> [[0, 5, 7, 2, 6, 3, 1, 4], [4, 0, 3, 5, 7, 1, 6, 2], [3, 6, 4, 1, 5, 0, 2, 7], [4, 6, 3, 0, 2, 7, 5, 1], [6, 3, 1, 7, 5, 0, 2, 4]] 
Generation 137 (4) (U.S: 4) -> [[0, 5, 7, 2, 6, 3, 1, 4], [4, 0, 3, 5, 7, 1, 6, 2], [3, 6, 4, 1, 5, 0, 2, 7], [4, 6, 3, 0, 2, 7, 5, 1]] 
Generation 138 (2) (U.S: 2) -> [[4, 0, 3, 5, 7, 1, 6, 2], [4, 6, 3, 0, 2, 7, 5, 1]] 
Generation 139 (3) (U.S: 3) -> [[2, 4, 1, 7, 5, 3, 6, 0], [4, 0, 3, 5, 7, 1, 6, 2], [4, 6, 3, 0, 2, 7, 5, 1]] 
Generation 140 (3) (U.S: 3) -> [[2, 4, 1, 7, 5, 3, 6, 0], [3, 6, 4, 1, 5, 0, 2, 7], [4, 0, 3, 5, 7, 1, 6, 2]] 
Generation 141 (3) (U.S: 2) -> [[2, 4, 1, 7, 5, 3, 6, 0], [4, 0, 3, 5, 7, 1, 6, 2], [2, 4, 1, 7, 5, 3, 6, 0]] 
Generation 142 (4) (U.S: 2) -> [[2, 4, 1, 7, 5, 3, 6, 0], [4, 0, 3, 5, 7, 1, 6, 2], [2, 4, 1, 7, 5, 3, 6, 0], [4, 0, 3, 5, 7, 1, 6, 2]] 
Generation 143 (1) (U.S: 1) -> [[4, 0, 3, 5, 7, 1, 6, 2]] 
Generation 144 (1) (U.S: 1) -> [[4, 0, 3, 5, 7, 1, 6, 2]] 
Generation 145 (1) (U.S: 1) -> [[4, 0, 3, 5, 7, 1, 6, 2]] 
Generation 146 (1) (U.S: 1) -> [[4, 0, 3, 5, 7, 1, 6, 2]] 
Generation 148 (1) (U.S: 1) -> [[4, 6, 0, 3, 1, 7, 5, 2]] 
Generation 149 (1) (U.S: 1) -> [[3, 5, 7, 1, 6, 0, 2, 4]] 
Generation 150 (1) (U.S: 1) -> [[4, 6, 0, 2, 7, 5, 3, 1]] 
Generation 152 (1) (U.S: 1) -> [[2, 4, 7, 3, 0, 6, 1, 5]] 
Generation 153 (1) (U.S: 1) -> [[2, 4, 7, 3, 0, 6, 1, 5]] 
Generation 159 (1) (U.S: 1) -> [[2, 5, 7, 0, 3, 6, 4, 1]] 
Generation 160 (1) (U.S: 1) -> [[2, 5, 7, 0, 3, 6, 4, 1]] 
Generation 161 (1) (U.S: 1) -> [[2, 5, 7, 0, 3, 6, 4, 1]] 
Generation 167 (1) (U.S: 1) -> [[3, 6, 4, 1, 5, 0, 2, 7]] 
Generation 168 (2) (U.S: 2) -> [[0, 6, 3, 5, 7, 1, 4, 2], [3, 6, 4, 1, 5, 0, 2, 7]] 
Generation 169 (2) (U.S: 2) -> [[0, 6, 3, 5, 7, 1, 4, 2], [3, 6, 4, 1, 5, 0, 2, 7]] 
Generation 170 (2) (U.S: 2) -> [[1, 4, 6, 0, 2, 7, 5, 3], [3, 6, 4, 1, 5, 0, 2, 7]] 
Generation 171 (2) (U.S: 2) -> [[1, 4, 6, 0, 2, 7, 5, 3], [3, 6, 4, 1, 5, 0, 2, 7]] 
Generation 172 (3) (U.S: 2) -> [[1, 4, 6, 0, 2, 7, 5, 3], [3, 6, 4, 1, 5, 0, 2, 7], [3, 6, 4, 1, 5, 0, 2, 7]] 
Generation 173 (2) (U.S: 1) -> [[3, 6, 4, 1, 5, 0, 2, 7], [3, 6, 4, 1, 5, 0, 2, 7]] 
Generation 174 (2) (U.S: 2) -> [[3, 6, 4, 1, 5, 0, 2, 7], [4, 0, 3, 5, 7, 1, 6, 2]] 
Generation 175 (3) (U.S: 2) -> [[3, 6, 4, 1, 5, 0, 2, 7], [3, 1, 4, 7, 5, 0, 2, 6], [3, 6, 4, 1, 5, 0, 2, 7]] 
Generation 177 (1) (U.S: 1) -> [[4, 6, 0, 2, 7, 5, 3, 1]] 
Generation 178 (1) (U.S: 1) -> [[5, 2, 4, 6, 0, 3, 1, 7]] 
Generation 183 (1) (U.S: 1) -> [[2, 7, 3, 6, 0, 5, 1, 4]] 
Generation 184 (1) (U.S: 1) -> [[3, 5, 7, 2, 0, 6, 4, 1]] 
Generation 185 (1) (U.S: 1) -> [[4, 6, 1, 3, 7, 0, 2, 5]] 
Generation 186 (1) (U.S: 1) -> [[4, 6, 1, 3, 7, 0, 2, 5]] 
Generation 187 (1) (U.S: 1) -> [[4, 6, 1, 3, 7, 0, 2, 5]] 
Generation 189 (1) (U.S: 1) -> [[3, 5, 7, 1, 6, 0, 2, 4]] 
Generation 198 (1) (U.S: 1) -> [[1, 4, 6, 0, 2, 7, 5, 3]] 
Generation 199 (3) (U.S: 3) -> [[4, 2, 0, 5, 7, 1, 3, 6], [5, 2, 0, 7, 3, 1, 6, 4], [1, 4, 6, 0, 2, 7, 5, 3]] 
Generation 200 (2) (U.S: 2) -> [[5, 2, 0, 7, 3, 1, 6, 4], [1, 4, 6, 0, 2, 7, 5, 3]] 
Generation 201 (1) (U.S: 1) -> [[1, 4, 6, 0, 2, 7, 5, 3]] 
Generation 202 (1) (U.S: 1) -> [[1, 4, 6, 0, 2, 7, 5, 3]] 
Generation 203 (1) (U.S: 1) -> [[1, 4, 6, 0, 2, 7, 5, 3]] 
Generation 204 (1) (U.S: 1) -> [[1, 4, 6, 0, 2, 7, 5, 3]] 
Generation 213 (2) (U.S: 2) -> [[5, 2, 0, 7, 3, 1, 6, 4], [4, 1, 5, 0, 6, 3, 7, 2]] 
Generation 214 (2) (U.S: 2) -> [[5, 2, 0, 7, 3, 1, 6, 4], [4, 1, 5, 0, 6, 3, 7, 2]] 
Generation 215 (2) (U.S: 2) -> [[3, 1, 7, 5, 0, 2, 4, 6], [4, 1, 5, 0, 6, 3, 7, 2]] 
Generation 222 (1) (U.S: 1) -> [[5, 2, 0, 6, 4, 7, 1, 3]] 
Generation 223 (1) (U.S: 1) -> [[5, 2, 0, 6, 4, 7, 1, 3]] 
Generation 224 (2) (U.S: 2) -> [[0, 6, 3, 5, 7, 1, 4, 2], [3, 6, 2, 7, 1, 4, 0, 5]] 
Generation 225 (2) (U.S: 2) -> [[0, 6, 3, 5, 7, 1, 4, 2], [3, 6, 2, 7, 1, 4, 0, 5]] 
Generation 229 (1) (U.S: 1) -> [[2, 5, 3, 1, 7, 4, 6, 0]] 
Generation 236 (1) (U.S: 1) -> [[2, 5, 7, 1, 3, 0, 6, 4]] 
Generation 239 (2) (U.S: 2) -> [[2, 5, 7, 0, 3, 6, 4, 1], [5, 2, 0, 6, 4, 7, 1, 3]] 
Generation 240 (1) (U.S: 1) -> [[5, 2, 0, 6, 4, 7, 1, 3]] 
Generation 241 (3) (U.S: 2) -> [[5, 2, 0, 6, 4, 7, 1, 3], [5, 2, 0, 6, 4, 7, 1, 3], [5, 2, 6, 1, 7, 4, 0, 3]] 
Generation 242 (4) (U.S: 4) -> [[5, 2, 0, 6, 4, 7, 1, 3], [7, 3, 0, 2, 5, 1, 6, 4], [1, 6, 2, 5, 7, 4, 0, 3], [5, 2, 6, 1, 7, 4, 0, 3]] 
Generation 243 (2) (U.S: 2) -> [[7, 3, 0, 2, 5, 1, 6, 4], [5, 2, 6, 1, 7, 4, 0, 3]] 
Generation 244 (1) (U.S: 1) -> [[5, 2, 6, 1, 7, 4, 0, 3]] 
Generation 245 (1) (U.S: 1) -> [[5, 2, 6, 1, 7, 4, 0, 3]] 
Generation 246 (2) (U.S: 2) -> [[3, 6, 0, 7, 4, 1, 5, 2], [5, 2, 6, 1, 7, 4, 0, 3]] 
Generation 247 (1) (U.S: 1) -> [[3, 6, 0, 7, 4, 1, 5, 2]] 
Generation 248 (1) (U.S: 1) -> [[3, 6, 0, 7, 4, 1, 5, 2]] 
Generation 249 (1) (U.S: 1) -> [[3, 6, 0, 7, 4, 1, 5, 2]] 
Generation 250 (2) (U.S: 2) -> [[1, 3, 5, 7, 2, 0, 6, 4], [3, 6, 0, 7, 4, 1, 5, 2]] 
Generation 251 (2) (U.S: 2) -> [[1, 3, 5, 7, 2, 0, 6, 4], [3, 6, 0, 7, 4, 1, 5, 2]] 
Generation 252 (2) (U.S: 2) -> [[1, 3, 5, 7, 2, 0, 6, 4], [3, 6, 0, 7, 4, 1, 5, 2]] 
Generation 253 (1) (U.S: 1) -> [[1, 3, 5, 7, 2, 0, 6, 4]] 
Generation 254 (2) (U.S: 2) -> [[1, 3, 5, 7, 2, 0, 6, 4], [7, 1, 4, 2, 0, 6, 3, 5]] 
Generation 255 (2) (U.S: 2) -> [[1, 3, 5, 7, 2, 0, 6, 4], [7, 1, 4, 2, 0, 6, 3, 5]] 
Generation 256 (2) (U.S: 2) -> [[1, 3, 5, 7, 2, 0, 6, 4], [7, 1, 4, 2, 0, 6, 3, 5]] 
Generation 257 (4) (U.S: 4) -> [[1, 3, 5, 7, 2, 0, 6, 4], [7, 1, 4, 2, 0, 6, 3, 5], [2, 6, 1, 7, 4, 0, 3, 5], [3, 7, 0, 2, 5, 1, 6, 4]] 
Generation 258 (4) (U.S: 3) -> [[1, 3, 5, 7, 2, 0, 6, 4], [7, 1, 4, 2, 0, 6, 3, 5], [2, 6, 1, 7, 4, 0, 3, 5], [7, 1, 4, 2, 0, 6, 3, 5]] 
Generation 259 (5) (U.S: 4) -> [[1, 3, 5, 7, 2, 0, 6, 4], [7, 1, 4, 2, 0, 6, 3, 5], [5, 2, 0, 6, 4, 7, 1, 3], [7, 1, 4, 2, 0, 6, 3, 5], [3, 7, 4, 2, 0, 6, 1, 5]] 
Generation 260 (4) (U.S: 4) -> [[1, 3, 5, 7, 2, 0, 6, 4], [1, 6, 2, 5, 7, 4, 0, 3], [5, 2, 0, 6, 4, 7, 1, 3], [7, 1, 4, 2, 0, 6, 3, 5]] 
Generation 261 (3) (U.S: 3) -> [[1, 3, 5, 7, 2, 0, 6, 4], [1, 6, 2, 5, 7, 4, 0, 3], [7, 1, 4, 2, 0, 6, 3, 5]] 
Generation 262 (4) (U.S: 4) -> [[1, 3, 5, 7, 2, 0, 6, 4], [1, 6, 2, 5, 7, 4, 0, 3], [7, 1, 4, 2, 0, 6, 3, 5], [6, 4, 2, 0, 5, 7, 1, 3]] 
Generation 263 (3) (U.S: 2) -> [[1, 3, 5, 7, 2, 0, 6, 4], [1, 3, 5, 7, 2, 0, 6, 4], [6, 4, 2, 0, 5, 7, 1, 3]] 
Generation 264 (4) (U.S: 2) -> [[1, 3, 5, 7, 2, 0, 6, 4], [6, 4, 2, 0, 5, 7, 1, 3], [1, 3, 5, 7, 2, 0, 6, 4], [6, 4, 2, 0, 5, 7, 1, 3]] 
Generation 265 (4) (U.S: 3) -> [[1, 3, 5, 7, 2, 0, 6, 4], [6, 4, 2, 0, 5, 7, 1, 3], [6, 4, 2, 0, 5, 7, 1, 3], [5, 2, 0, 6, 4, 7, 1, 3]] 
Generation 266 (3) (U.S: 3) -> [[1, 3, 5, 7, 2, 0, 6, 4], [6, 4, 2, 0, 5, 7, 1, 3], [2, 4, 6, 0, 3, 1, 7, 5]] 
Generation 267 (2) (U.S: 2) -> [[1, 3, 5, 7, 2, 0, 6, 4], [6, 4, 2, 0, 5, 7, 1, 3]] 
Generation 268 (2) (U.S: 2) -> [[6, 4, 2, 0, 5, 7, 1, 3], [0, 5, 7, 2, 6, 3, 1, 4]] 
Generation 270 (1) (U.S: 1) -> [[4, 0, 7, 3, 1, 6, 2, 5]] 
Generation 271 (2) (U.S: 2) -> [[5, 3, 6, 0, 2, 4, 1, 7], [4, 0, 7, 3, 1, 6, 2, 5]] 
Generation 272 (3) (U.S: 2) -> [[5, 3, 6, 0, 2, 4, 1, 7], [4, 0, 7, 3, 1, 6, 2, 5], [5, 3, 6, 0, 2, 4, 1, 7]] 
Generation 273 (3) (U.S: 3) -> [[6, 4, 2, 0, 5, 7, 1, 3], [4, 0, 7, 3, 1, 6, 2, 5], [5, 3, 6, 0, 2, 4, 1, 7]] 
Generation 274 (3) (U.S: 3) -> [[6, 4, 2, 0, 5, 7, 1, 3], [4, 0, 7, 3, 1, 6, 2, 5], [5, 3, 6, 0, 2, 4, 1, 7]] 
Generation 275 (3) (U.S: 3) -> [[3, 1, 6, 2, 5, 7, 4, 0], [4, 0, 7, 3, 1, 6, 2, 5], [5, 3, 6, 0, 2, 4, 1, 7]] 
Generation 276 (2) (U.S: 2) -> [[5, 1, 6, 0, 2, 4, 7, 3], [5, 3, 6, 0, 2, 4, 1, 7]] 
Generation 277 (2) (U.S: 2) -> [[5, 1, 6, 0, 2, 4, 7, 3], [0, 4, 7, 5, 2, 6, 1, 3]] 
Generation 278 (1) (U.S: 1) -> [[0, 4, 7, 5, 2, 6, 1, 3]] 
Generation 279 (1) (U.S: 1) -> [[0, 4, 7, 5, 2, 6, 1, 3]] 
Generation 281 (1) (U.S: 1) -> [[6, 2, 0, 5, 7, 4, 1, 3]] 
Generation 282 (2) (U.S: 2) -> [[0, 5, 7, 2, 6, 3, 1, 4], [6, 2, 0, 5, 7, 4, 1, 3]] 
Generation 283 (1) (U.S: 1) -> [[6, 2, 0, 5, 7, 4, 1, 3]] 
Generation 285 (1) (U.S: 1) -> [[2, 7, 3, 6, 0, 5, 1, 4]] 
Generation 287 (1) (U.S: 1) -> [[6, 2, 7, 1, 4, 0, 5, 3]] 
Generation 288 (1) (U.S: 1) -> [[6, 2, 7, 1, 4, 0, 5, 3]] 
Generation 289 (1) (U.S: 1) -> [[6, 2, 7, 1, 4, 0, 5, 3]] 
Generation 290 (1) (U.S: 1) -> [[6, 2, 7, 1, 4, 0, 5, 3]] 
Generation 292 (1) (U.S: 1) -> [[0, 4, 7, 5, 2, 6, 1, 3]] 
Generation 295 (2) (U.S: 2) -> [[3, 7, 4, 2, 0, 6, 1, 5], [5, 1, 6, 0, 2, 4, 7, 3]] 
------------------------------------ 
The 0 solutions found are: 
