lengthPopulation: 200 
lengthChromosome: 8 
lengthMatingPool: 180 
generations:  300 
------------------------------------ 
Selection Method: Tournament 
Reproduction Method: Mutation 
Replacement Selection Method: Weakest Replacement 

Results: 
Generation 1 (1) (U.S: 1) -> [[6, 3, 1, 4, 7, 0, 2, 5]] 
Generation 2 (1) (U.S: 1) -> [[6, 3, 1, 4, 7, 0, 2, 5]] 
Generation 3 (1) (U.S: 1) -> [[6, 3, 1, 4, 7, 0, 2, 5]] 
Generation 4 (1) (U.S: 1) -> [[6, 3, 1, 4, 7, 0, 2, 5]] 
Generation 5 (1) (U.S: 1) -> [[6, 3, 1, 4, 7, 0, 2, 5]] 
Generation 6 (1) (U.S: 1) -> [[6, 3, 1, 4, 7, 0, 2, 5]] 
Generation 7 (1) (U.S: 1) -> [[6, 3, 1, 4, 7, 0, 2, 5]] 
Generation 8 (1) (U.S: 1) -> [[6, 3, 1, 4, 7, 0, 2, 5]] 
Generation 9 (1) (U.S: 1) -> [[6, 3, 1, 4, 7, 0, 2, 5]] 
Generation 10 (1) (U.S: 1) -> [[6, 3, 1, 4, 7, 0, 2, 5]] 
Generation 11 (1) (U.S: 1) -> [[6, 3, 1, 4, 7, 0, 2, 5]] 
Generation 12 (1) (U.S: 1) -> [[6, 3, 1, 4, 7, 0, 2, 5]] 
Generation 13 (1) (U.S: 1) -> [[6, 3, 1, 4, 7, 0, 2, 5]] 
Generation 14 (1) (U.S: 1) -> [[6, 3, 1, 4, 7, 0, 2, 5]] 
Generation 15 (1) (U.S: 1) -> [[6, 3, 1, 4, 7, 0, 2, 5]] 
Generation 16 (1) (U.S: 1) -> [[6, 3, 1, 4, 7, 0, 2, 5]] 
Generation 17 (1) (U.S: 1) -> [[6, 3, 1, 4, 7, 0, 2, 5]] 
Generation 18 (1) (U.S: 1) -> [[6, 3, 1, 4, 7, 0, 2, 5]] 
Generation 19 (1) (U.S: 1) -> [[6, 3, 1, 4, 7, 0, 2, 5]] 
Generation 20 (1) (U.S: 1) -> [[6, 3, 1, 4, 7, 0, 2, 5]] 
Generation 21 (1) (U.S: 1) -> [[6, 3, 1, 4, 7, 0, 2, 5]] 
Generation 22 (1) (U.S: 1) -> [[6, 3, 1, 4, 7, 0, 2, 5]] 
Generation 23 (1) (U.S: 1) -> [[6, 3, 1, 4, 7, 0, 2, 5]] 
Generation 24 (1) (U.S: 1) -> [[6, 3, 1, 4, 7, 0, 2, 5]] 
Generation 25 (1) (U.S: 1) -> [[6, 3, 1, 4, 7, 0, 2, 5]] 
Generation 26 (1) (U.S: 1) -> [[6, 3, 1, 4, 7, 0, 2, 5]] 
Generation 27 (1) (U.S: 1) -> [[6, 3, 1, 4, 7, 0, 2, 5]] 
Generation 28 (1) (U.S: 1) -> [[6, 3, 1, 4, 7, 0, 2, 5]] 
Generation 29 (1) (U.S: 1) -> [[6, 3, 1, 4, 7, 0, 2, 5]] 
Generation 30 (1) (U.S: 1) -> [[6, 3, 1, 4, 7, 0, 2, 5]] 
Generation 31 (1) (U.S: 1) -> [[6, 3, 1, 4, 7, 0, 2, 5]] 
Generation 32 (1) (U.S: 1) -> [[6, 3, 1, 4, 7, 0, 2, 5]] 
Generation 33 (1) (U.S: 1) -> [[6, 3, 1, 4, 7, 0, 2, 5]] 
Generation 34 (1) (U.S: 1) -> [[6, 3, 1, 4, 7, 0, 2, 5]] 
Generation 35 (1) (U.S: 1) -> [[6, 3, 1, 4, 7, 0, 2, 5]] 
Generation 36 (1) (U.S: 1) -> [[6, 3, 1, 4, 7, 0, 2, 5]] 
Generation 37 (1) (U.S: 1) -> [[6, 3, 1, 4, 7, 0, 2, 5]] 
Generation 38 (1) (U.S: 1) -> [[6, 3, 1, 4, 7, 0, 2, 5]] 
Generation 39 (1) (U.S: 1) -> [[6, 3, 1, 4, 7, 0, 2, 5]] 
Generation 40 (1) (U.S: 1) -> [[6, 3, 1, 4, 7, 0, 2, 5]] 
Generation 41 (1) (U.S: 1) -> [[6, 3, 1, 4, 7, 0, 2, 5]] 
Generation 42 (1) (U.S: 1) -> [[6, 3, 1, 4, 7, 0, 2, 5]] 
Generation 43 (1) (U.S: 1) -> [[6, 3, 1, 4, 7, 0, 2, 5]] 
Generation 44 (1) (U.S: 1) -> [[6, 3, 1, 4, 7, 0, 2, 5]] 
Generation 45 (1) (U.S: 1) -> [[6, 3, 1, 4, 7, 0, 2, 5]] 
Generation 46 (1) (U.S: 1) -> [[6, 3, 1, 4, 7, 0, 2, 5]] 
Generation 47 (1) (U.S: 1) -> [[6, 3, 1, 4, 7, 0, 2, 5]] 
Generation 48 (1) (U.S: 1) -> [[6, 3, 1, 4, 7, 0, 2, 5]] 
Generation 49 (1) (U.S: 1) -> [[6, 3, 1, 4, 7, 0, 2, 5]] 
Generation 50 (1) (U.S: 1) -> [[6, 3, 1, 4, 7, 0, 2, 5]] 
Generation 51 (1) (U.S: 1) -> [[6, 3, 1, 4, 7, 0, 2, 5]] 
Generation 52 (1) (U.S: 1) -> [[6, 3, 1, 4, 7, 0, 2, 5]] 
Generation 53 (1) (U.S: 1) -> [[6, 3, 1, 4, 7, 0, 2, 5]] 
Generation 54 (1) (U.S: 1) -> [[6, 3, 1, 4, 7, 0, 2, 5]] 
Generation 55 (2) (U.S: 2) -> [[4, 1, 5, 0, 6, 3, 7, 2], [6, 3, 1, 4, 7, 0, 2, 5]] 
Generation 56 (2) (U.S: 2) -> [[4, 1, 5, 0, 6, 3, 7, 2], [6, 3, 1, 4, 7, 0, 2, 5]] 
Generation 57 (2) (U.S: 2) -> [[4, 1, 5, 0, 6, 3, 7, 2], [6, 3, 1, 4, 7, 0, 2, 5]] 
Generation 58 (2) (U.S: 2) -> [[4, 1, 5, 0, 6, 3, 7, 2], [6, 3, 1, 4, 7, 0, 2, 5]] 
Generation 59 (2) (U.S: 2) -> [[4, 1, 5, 0, 6, 3, 7, 2], [6, 3, 1, 4, 7, 0, 2, 5]] 
Generation 60 (2) (U.S: 2) -> [[4, 1, 5, 0, 6, 3, 7, 2], [6, 3, 1, 4, 7, 0, 2, 5]] 
Generation 61 (2) (U.S: 2) -> [[4, 1, 5, 0, 6, 3, 7, 2], [6, 3, 1, 4, 7, 0, 2, 5]] 
Generation 62 (2) (U.S: 2) -> [[4, 1, 5, 0, 6, 3, 7, 2], [6, 3, 1, 4, 7, 0, 2, 5]] 
Generation 63 (2) (U.S: 2) -> [[4, 1, 5, 0, 6, 3, 7, 2], [6, 3, 1, 4, 7, 0, 2, 5]] 
Generation 64 (2) (U.S: 2) -> [[4, 1, 5, 0, 6, 3, 7, 2], [6, 3, 1, 4, 7, 0, 2, 5]] 
Generation 65 (2) (U.S: 2) -> [[4, 1, 5, 0, 6, 3, 7, 2], [6, 3, 1, 4, 7, 0, 2, 5]] 
Generation 66 (2) (U.S: 2) -> [[4, 1, 5, 0, 6, 3, 7, 2], [6, 3, 1, 4, 7, 0, 2, 5]] 
Generation 67 (2) (U.S: 2) -> [[4, 1, 5, 0, 6, 3, 7, 2], [6, 3, 1, 4, 7, 0, 2, 5]] 
Generation 68 (2) (U.S: 2) -> [[4, 1, 5, 0, 6, 3, 7, 2], [6, 3, 1, 4, 7, 0, 2, 5]] 
Generation 69 (2) (U.S: 2) -> [[4, 1, 5, 0, 6, 3, 7, 2], [6, 3, 1, 4, 7, 0, 2, 5]] 
Generation 70 (2) (U.S: 2) -> [[4, 1, 5, 0, 6, 3, 7, 2], [6, 3, 1, 4, 7, 0, 2, 5]] 
Generation 71 (2) (U.S: 2) -> [[4, 1, 5, 0, 6, 3, 7, 2], [6, 3, 1, 4, 7, 0, 2, 5]] 
Generation 72 (2) (U.S: 2) -> [[4, 1, 5, 0, 6, 3, 7, 2], [6, 3, 1, 4, 7, 0, 2, 5]] 
Generation 73 (2) (U.S: 2) -> [[4, 1, 5, 0, 6, 3, 7, 2], [6, 3, 1, 4, 7, 0, 2, 5]] 
Generation 74 (2) (U.S: 2) -> [[4, 1, 5, 0, 6, 3, 7, 2], [6, 3, 1, 4, 7, 0, 2, 5]] 
Generation 75 (2) (U.S: 2) -> [[4, 1, 5, 0, 6, 3, 7, 2], [6, 3, 1, 4, 7, 0, 2, 5]] 
Generation 76 (2) (U.S: 2) -> [[4, 1, 5, 0, 6, 3, 7, 2], [6, 3, 1, 4, 7, 0, 2, 5]] 
Generation 77 (2) (U.S: 2) -> [[4, 1, 5, 0, 6, 3, 7, 2], [6, 3, 1, 4, 7, 0, 2, 5]] 
Generation 78 (2) (U.S: 2) -> [[4, 1, 5, 0, 6, 3, 7, 2], [6, 3, 1, 4, 7, 0, 2, 5]] 
Generation 79 (2) (U.S: 2) -> [[4, 1, 5, 0, 6, 3, 7, 2], [6, 3, 1, 4, 7, 0, 2, 5]] 
Generation 80 (2) (U.S: 2) -> [[4, 1, 5, 0, 6, 3, 7, 2], [6, 3, 1, 4, 7, 0, 2, 5]] 
Generation 81 (2) (U.S: 2) -> [[4, 1, 5, 0, 6, 3, 7, 2], [6, 3, 1, 4, 7, 0, 2, 5]] 
Generation 82 (2) (U.S: 2) -> [[4, 1, 5, 0, 6, 3, 7, 2], [6, 3, 1, 4, 7, 0, 2, 5]] 
Generation 83 (2) (U.S: 2) -> [[4, 1, 5, 0, 6, 3, 7, 2], [6, 3, 1, 4, 7, 0, 2, 5]] 
Generation 84 (2) (U.S: 2) -> [[4, 1, 5, 0, 6, 3, 7, 2], [6, 3, 1, 4, 7, 0, 2, 5]] 
Generation 85 (2) (U.S: 2) -> [[4, 1, 5, 0, 6, 3, 7, 2], [6, 3, 1, 4, 7, 0, 2, 5]] 
Generation 86 (2) (U.S: 2) -> [[4, 1, 5, 0, 6, 3, 7, 2], [6, 3, 1, 4, 7, 0, 2, 5]] 
Generation 87 (2) (U.S: 2) -> [[4, 1, 5, 0, 6, 3, 7, 2], [6, 3, 1, 4, 7, 0, 2, 5]] 
Generation 88 (2) (U.S: 2) -> [[4, 1, 5, 0, 6, 3, 7, 2], [6, 3, 1, 4, 7, 0, 2, 5]] 
Generation 89 (2) (U.S: 2) -> [[4, 1, 5, 0, 6, 3, 7, 2], [6, 3, 1, 4, 7, 0, 2, 5]] 
Generation 90 (2) (U.S: 2) -> [[4, 1, 5, 0, 6, 3, 7, 2], [6, 3, 1, 4, 7, 0, 2, 5]] 
Generation 91 (2) (U.S: 2) -> [[4, 1, 5, 0, 6, 3, 7, 2], [6, 3, 1, 4, 7, 0, 2, 5]] 
Generation 92 (2) (U.S: 2) -> [[4, 1, 5, 0, 6, 3, 7, 2], [6, 3, 1, 4, 7, 0, 2, 5]] 
Generation 93 (2) (U.S: 2) -> [[4, 1, 5, 0, 6, 3, 7, 2], [6, 3, 1, 4, 7, 0, 2, 5]] 
Generation 94 (2) (U.S: 2) -> [[4, 1, 5, 0, 6, 3, 7, 2], [6, 3, 1, 4, 7, 0, 2, 5]] 
Generation 95 (2) (U.S: 2) -> [[4, 1, 5, 0, 6, 3, 7, 2], [6, 3, 1, 4, 7, 0, 2, 5]] 
Generation 96 (2) (U.S: 2) -> [[4, 1, 5, 0, 6, 3, 7, 2], [6, 3, 1, 4, 7, 0, 2, 5]] 
Generation 97 (2) (U.S: 2) -> [[4, 1, 5, 0, 6, 3, 7, 2], [6, 3, 1, 4, 7, 0, 2, 5]] 
Generation 98 (2) (U.S: 2) -> [[4, 1, 5, 0, 6, 3, 7, 2], [6, 3, 1, 4, 7, 0, 2, 5]] 
Generation 99 (2) (U.S: 2) -> [[4, 1, 5, 0, 6, 3, 7, 2], [6, 3, 1, 4, 7, 0, 2, 5]] 
Generation 100 (2) (U.S: 2) -> [[4, 1, 5, 0, 6, 3, 7, 2], [6, 3, 1, 4, 7, 0, 2, 5]] 
Generation 101 (2) (U.S: 2) -> [[4, 1, 5, 0, 6, 3, 7, 2], [6, 3, 1, 4, 7, 0, 2, 5]] 
Generation 102 (2) (U.S: 2) -> [[4, 1, 5, 0, 6, 3, 7, 2], [6, 3, 1, 4, 7, 0, 2, 5]] 
Generation 103 (2) (U.S: 2) -> [[4, 1, 5, 0, 6, 3, 7, 2], [6, 3, 1, 4, 7, 0, 2, 5]] 
Generation 104 (2) (U.S: 2) -> [[4, 1, 5, 0, 6, 3, 7, 2], [6, 3, 1, 4, 7, 0, 2, 5]] 
Generation 105 (2) (U.S: 2) -> [[4, 1, 5, 0, 6, 3, 7, 2], [6, 3, 1, 4, 7, 0, 2, 5]] 
Generation 106 (2) (U.S: 2) -> [[4, 1, 5, 0, 6, 3, 7, 2], [6, 3, 1, 4, 7, 0, 2, 5]] 
Generation 107 (2) (U.S: 2) -> [[4, 1, 5, 0, 6, 3, 7, 2], [6, 3, 1, 4, 7, 0, 2, 5]] 
Generation 108 (2) (U.S: 2) -> [[4, 1, 5, 0, 6, 3, 7, 2], [6, 3, 1, 4, 7, 0, 2, 5]] 
Generation 109 (2) (U.S: 2) -> [[4, 1, 5, 0, 6, 3, 7, 2], [6, 3, 1, 4, 7, 0, 2, 5]] 
Generation 110 (2) (U.S: 2) -> [[4, 1, 5, 0, 6, 3, 7, 2], [6, 3, 1, 4, 7, 0, 2, 5]] 
Generation 111 (2) (U.S: 2) -> [[4, 1, 5, 0, 6, 3, 7, 2], [6, 3, 1, 4, 7, 0, 2, 5]] 
Generation 112 (2) (U.S: 2) -> [[4, 1, 5, 0, 6, 3, 7, 2], [6, 3, 1, 4, 7, 0, 2, 5]] 
Generation 113 (2) (U.S: 2) -> [[4, 1, 5, 0, 6, 3, 7, 2], [6, 3, 1, 4, 7, 0, 2, 5]] 
Generation 114 (2) (U.S: 2) -> [[4, 1, 5, 0, 6, 3, 7, 2], [6, 3, 1, 4, 7, 0, 2, 5]] 
Generation 115 (2) (U.S: 2) -> [[4, 1, 5, 0, 6, 3, 7, 2], [6, 3, 1, 4, 7, 0, 2, 5]] 
Generation 116 (2) (U.S: 2) -> [[4, 1, 5, 0, 6, 3, 7, 2], [6, 3, 1, 4, 7, 0, 2, 5]] 
Generation 117 (2) (U.S: 2) -> [[4, 1, 5, 0, 6, 3, 7, 2], [6, 3, 1, 4, 7, 0, 2, 5]] 
Generation 118 (2) (U.S: 2) -> [[4, 1, 5, 0, 6, 3, 7, 2], [6, 3, 1, 4, 7, 0, 2, 5]] 
Generation 119 (2) (U.S: 2) -> [[4, 1, 5, 0, 6, 3, 7, 2], [6, 3, 1, 4, 7, 0, 2, 5]] 
Generation 120 (2) (U.S: 2) -> [[4, 1, 5, 0, 6, 3, 7, 2], [6, 3, 1, 4, 7, 0, 2, 5]] 
Generation 121 (2) (U.S: 2) -> [[4, 1, 5, 0, 6, 3, 7, 2], [6, 3, 1, 4, 7, 0, 2, 5]] 
Generation 122 (2) (U.S: 2) -> [[4, 1, 5, 0, 6, 3, 7, 2], [6, 3, 1, 4, 7, 0, 2, 5]] 
Generation 123 (2) (U.S: 2) -> [[4, 1, 5, 0, 6, 3, 7, 2], [6, 3, 1, 4, 7, 0, 2, 5]] 
Generation 124 (2) (U.S: 2) -> [[4, 1, 5, 0, 6, 3, 7, 2], [6, 3, 1, 4, 7, 0, 2, 5]] 
Generation 125 (2) (U.S: 2) -> [[4, 1, 5, 0, 6, 3, 7, 2], [6, 3, 1, 4, 7, 0, 2, 5]] 
Generation 126 (2) (U.S: 2) -> [[4, 1, 5, 0, 6, 3, 7, 2], [6, 3, 1, 4, 7, 0, 2, 5]] 
Generation 127 (2) (U.S: 2) -> [[4, 1, 5, 0, 6, 3, 7, 2], [6, 3, 1, 4, 7, 0, 2, 5]] 
Generation 128 (2) (U.S: 2) -> [[4, 1, 5, 0, 6, 3, 7, 2], [6, 3, 1, 4, 7, 0, 2, 5]] 
Generation 129 (2) (U.S: 2) -> [[4, 1, 5, 0, 6, 3, 7, 2], [6, 3, 1, 4, 7, 0, 2, 5]] 
Generation 130 (2) (U.S: 2) -> [[4, 1, 5, 0, 6, 3, 7, 2], [6, 3, 1, 4, 7, 0, 2, 5]] 
Generation 131 (2) (U.S: 2) -> [[4, 1, 5, 0, 6, 3, 7, 2], [6, 3, 1, 4, 7, 0, 2, 5]] 
Generation 132 (2) (U.S: 2) -> [[4, 1, 5, 0, 6, 3, 7, 2], [6, 3, 1, 4, 7, 0, 2, 5]] 
Generation 133 (2) (U.S: 2) -> [[4, 1, 5, 0, 6, 3, 7, 2], [6, 3, 1, 4, 7, 0, 2, 5]] 
Generation 134 (2) (U.S: 2) -> [[4, 1, 5, 0, 6, 3, 7, 2], [6, 3, 1, 4, 7, 0, 2, 5]] 
Generation 135 (2) (U.S: 2) -> [[4, 1, 5, 0, 6, 3, 7, 2], [6, 3, 1, 4, 7, 0, 2, 5]] 
Generation 136 (2) (U.S: 2) -> [[4, 1, 5, 0, 6, 3, 7, 2], [6, 3, 1, 4, 7, 0, 2, 5]] 
Generation 137 (2) (U.S: 2) -> [[4, 1, 5, 0, 6, 3, 7, 2], [6, 3, 1, 4, 7, 0, 2, 5]] 
Generation 138 (2) (U.S: 2) -> [[4, 1, 5, 0, 6, 3, 7, 2], [6, 3, 1, 4, 7, 0, 2, 5]] 
Generation 139 (2) (U.S: 2) -> [[4, 1, 5, 0, 6, 3, 7, 2], [6, 3, 1, 4, 7, 0, 2, 5]] 
Generation 140 (2) (U.S: 2) -> [[4, 1, 5, 0, 6, 3, 7, 2], [6, 3, 1, 4, 7, 0, 2, 5]] 
Generation 141 (2) (U.S: 2) -> [[4, 1, 5, 0, 6, 3, 7, 2], [6, 3, 1, 4, 7, 0, 2, 5]] 
Generation 142 (2) (U.S: 2) -> [[4, 1, 5, 0, 6, 3, 7, 2], [6, 3, 1, 4, 7, 0, 2, 5]] 
Generation 143 (2) (U.S: 2) -> [[4, 1, 5, 0, 6, 3, 7, 2], [6, 3, 1, 4, 7, 0, 2, 5]] 
Generation 144 (2) (U.S: 2) -> [[4, 1, 5, 0, 6, 3, 7, 2], [6, 3, 1, 4, 7, 0, 2, 5]] 
Generation 145 (2) (U.S: 2) -> [[4, 1, 5, 0, 6, 3, 7, 2], [6, 3, 1, 4, 7, 0, 2, 5]] 
Generation 146 (2) (U.S: 2) -> [[4, 1, 5, 0, 6, 3, 7, 2], [6, 3, 1, 4, 7, 0, 2, 5]] 
Generation 147 (2) (U.S: 2) -> [[4, 1, 5, 0, 6, 3, 7, 2], [6, 3, 1, 4, 7, 0, 2, 5]] 
Generation 148 (2) (U.S: 2) -> [[4, 1, 5, 0, 6, 3, 7, 2], [6, 3, 1, 4, 7, 0, 2, 5]] 
Generation 149 (2) (U.S: 2) -> [[4, 1, 5, 0, 6, 3, 7, 2], [6, 3, 1, 4, 7, 0, 2, 5]] 
Generation 150 (2) (U.S: 2) -> [[4, 1, 5, 0, 6, 3, 7, 2], [6, 3, 1, 4, 7, 0, 2, 5]] 
Generation 151 (2) (U.S: 2) -> [[4, 1, 5, 0, 6, 3, 7, 2], [6, 3, 1, 4, 7, 0, 2, 5]] 
Generation 152 (2) (U.S: 2) -> [[4, 1, 5, 0, 6, 3, 7, 2], [6, 3, 1, 4, 7, 0, 2, 5]] 
Generation 153 (2) (U.S: 2) -> [[4, 1, 5, 0, 6, 3, 7, 2], [6, 3, 1, 4, 7, 0, 2, 5]] 
Generation 154 (2) (U.S: 2) -> [[4, 1, 5, 0, 6, 3, 7, 2], [6, 3, 1, 4, 7, 0, 2, 5]] 
Generation 155 (2) (U.S: 2) -> [[4, 1, 5, 0, 6, 3, 7, 2], [6, 3, 1, 4, 7, 0, 2, 5]] 
Generation 156 (2) (U.S: 2) -> [[4, 1, 5, 0, 6, 3, 7, 2], [6, 3, 1, 4, 7, 0, 2, 5]] 
Generation 157 (2) (U.S: 2) -> [[4, 1, 5, 0, 6, 3, 7, 2], [6, 3, 1, 4, 7, 0, 2, 5]] 
Generation 158 (2) (U.S: 2) -> [[4, 1, 5, 0, 6, 3, 7, 2], [6, 3, 1, 4, 7, 0, 2, 5]] 
Generation 159 (2) (U.S: 2) -> [[4, 1, 5, 0, 6, 3, 7, 2], [6, 3, 1, 4, 7, 0, 2, 5]] 
Generation 160 (2) (U.S: 2) -> [[4, 1, 5, 0, 6, 3, 7, 2], [6, 3, 1, 4, 7, 0, 2, 5]] 
Generation 161 (2) (U.S: 2) -> [[4, 1, 5, 0, 6, 3, 7, 2], [6, 3, 1, 4, 7, 0, 2, 5]] 
Generation 162 (2) (U.S: 2) -> [[4, 1, 5, 0, 6, 3, 7, 2], [6, 3, 1, 4, 7, 0, 2, 5]] 
Generation 163 (2) (U.S: 2) -> [[4, 1, 5, 0, 6, 3, 7, 2], [6, 3, 1, 4, 7, 0, 2, 5]] 
Generation 164 (2) (U.S: 2) -> [[4, 1, 5, 0, 6, 3, 7, 2], [6, 3, 1, 4, 7, 0, 2, 5]] 
Generation 165 (2) (U.S: 2) -> [[4, 1, 5, 0, 6, 3, 7, 2], [6, 3, 1, 4, 7, 0, 2, 5]] 
Generation 166 (2) (U.S: 2) -> [[4, 1, 5, 0, 6, 3, 7, 2], [6, 3, 1, 4, 7, 0, 2, 5]] 
Generation 167 (2) (U.S: 2) -> [[4, 1, 5, 0, 6, 3, 7, 2], [6, 3, 1, 4, 7, 0, 2, 5]] 
Generation 168 (2) (U.S: 2) -> [[4, 1, 5, 0, 6, 3, 7, 2], [6, 3, 1, 4, 7, 0, 2, 5]] 
Generation 169 (2) (U.S: 2) -> [[4, 1, 5, 0, 6, 3, 7, 2], [6, 3, 1, 4, 7, 0, 2, 5]] 
Generation 170 (2) (U.S: 2) -> [[4, 1, 5, 0, 6, 3, 7, 2], [6, 3, 1, 4, 7, 0, 2, 5]] 
Generation 171 (2) (U.S: 2) -> [[4, 1, 5, 0, 6, 3, 7, 2], [6, 3, 1, 4, 7, 0, 2, 5]] 
Generation 172 (2) (U.S: 2) -> [[4, 1, 5, 0, 6, 3, 7, 2], [6, 3, 1, 4, 7, 0, 2, 5]] 
Generation 173 (2) (U.S: 2) -> [[4, 1, 5, 0, 6, 3, 7, 2], [6, 3, 1, 4, 7, 0, 2, 5]] 
Generation 174 (2) (U.S: 2) -> [[4, 1, 5, 0, 6, 3, 7, 2], [6, 3, 1, 4, 7, 0, 2, 5]] 
Generation 175 (2) (U.S: 2) -> [[4, 1, 5, 0, 6, 3, 7, 2], [6, 3, 1, 4, 7, 0, 2, 5]] 
Generation 176 (2) (U.S: 2) -> [[4, 1, 5, 0, 6, 3, 7, 2], [6, 3, 1, 4, 7, 0, 2, 5]] 
Generation 177 (2) (U.S: 2) -> [[4, 1, 5, 0, 6, 3, 7, 2], [6, 3, 1, 4, 7, 0, 2, 5]] 
Generation 178 (2) (U.S: 2) -> [[4, 1, 5, 0, 6, 3, 7, 2], [6, 3, 1, 4, 7, 0, 2, 5]] 
Generation 179 (2) (U.S: 2) -> [[4, 1, 5, 0, 6, 3, 7, 2], [6, 3, 1, 4, 7, 0, 2, 5]] 
Generation 180 (2) (U.S: 2) -> [[4, 1, 5, 0, 6, 3, 7, 2], [6, 3, 1, 4, 7, 0, 2, 5]] 
Generation 181 (2) (U.S: 2) -> [[4, 1, 5, 0, 6, 3, 7, 2], [6, 3, 1, 4, 7, 0, 2, 5]] 
Generation 182 (2) (U.S: 2) -> [[4, 1, 5, 0, 6, 3, 7, 2], [6, 3, 1, 4, 7, 0, 2, 5]] 
Generation 183 (2) (U.S: 2) -> [[4, 1, 5, 0, 6, 3, 7, 2], [6, 3, 1, 4, 7, 0, 2, 5]] 
Generation 184 (2) (U.S: 2) -> [[4, 1, 5, 0, 6, 3, 7, 2], [6, 3, 1, 4, 7, 0, 2, 5]] 
Generation 185 (2) (U.S: 2) -> [[4, 1, 5, 0, 6, 3, 7, 2], [6, 3, 1, 4, 7, 0, 2, 5]] 
Generation 186 (2) (U.S: 2) -> [[4, 1, 5, 0, 6, 3, 7, 2], [6, 3, 1, 4, 7, 0, 2, 5]] 
Generation 187 (2) (U.S: 2) -> [[4, 1, 5, 0, 6, 3, 7, 2], [6, 3, 1, 4, 7, 0, 2, 5]] 
Generation 188 (2) (U.S: 2) -> [[4, 1, 5, 0, 6, 3, 7, 2], [6, 3, 1, 4, 7, 0, 2, 5]] 
Generation 189 (2) (U.S: 2) -> [[4, 1, 5, 0, 6, 3, 7, 2], [6, 3, 1, 4, 7, 0, 2, 5]] 
Generation 190 (2) (U.S: 2) -> [[4, 1, 5, 0, 6, 3, 7, 2], [6, 3, 1, 4, 7, 0, 2, 5]] 
Generation 191 (2) (U.S: 2) -> [[4, 1, 5, 0, 6, 3, 7, 2], [6, 3, 1, 4, 7, 0, 2, 5]] 
Generation 192 (2) (U.S: 2) -> [[4, 1, 5, 0, 6, 3, 7, 2], [6, 3, 1, 4, 7, 0, 2, 5]] 
Generation 193 (2) (U.S: 2) -> [[4, 1, 5, 0, 6, 3, 7, 2], [6, 3, 1, 4, 7, 0, 2, 5]] 
Generation 194 (2) (U.S: 2) -> [[4, 1, 5, 0, 6, 3, 7, 2], [6, 3, 1, 4, 7, 0, 2, 5]] 
Generation 195 (2) (U.S: 2) -> [[4, 1, 5, 0, 6, 3, 7, 2], [6, 3, 1, 4, 7, 0, 2, 5]] 
Generation 196 (2) (U.S: 2) -> [[4, 1, 5, 0, 6, 3, 7, 2], [6, 3, 1, 4, 7, 0, 2, 5]] 
Generation 197 (2) (U.S: 2) -> [[4, 1, 5, 0, 6, 3, 7, 2], [6, 3, 1, 4, 7, 0, 2, 5]] 
Generation 198 (2) (U.S: 2) -> [[4, 1, 5, 0, 6, 3, 7, 2], [6, 3, 1, 4, 7, 0, 2, 5]] 
Generation 199 (2) (U.S: 2) -> [[4, 1, 5, 0, 6, 3, 7, 2], [6, 3, 1, 4, 7, 0, 2, 5]] 
Generation 200 (2) (U.S: 2) -> [[4, 1, 5, 0, 6, 3, 7, 2], [6, 3, 1, 4, 7, 0, 2, 5]] 
Generation 201 (2) (U.S: 2) -> [[4, 1, 5, 0, 6, 3, 7, 2], [6, 3, 1, 4, 7, 0, 2, 5]] 
Generation 202 (2) (U.S: 2) -> [[4, 1, 5, 0, 6, 3, 7, 2], [6, 3, 1, 4, 7, 0, 2, 5]] 
Generation 203 (2) (U.S: 2) -> [[4, 1, 5, 0, 6, 3, 7, 2], [6, 3, 1, 4, 7, 0, 2, 5]] 
Generation 204 (2) (U.S: 2) -> [[4, 1, 5, 0, 6, 3, 7, 2], [6, 3, 1, 4, 7, 0, 2, 5]] 
Generation 205 (2) (U.S: 2) -> [[4, 1, 5, 0, 6, 3, 7, 2], [6, 3, 1, 4, 7, 0, 2, 5]] 
Generation 206 (2) (U.S: 2) -> [[4, 1, 5, 0, 6, 3, 7, 2], [6, 3, 1, 4, 7, 0, 2, 5]] 
Generation 207 (2) (U.S: 2) -> [[4, 1, 5, 0, 6, 3, 7, 2], [6, 3, 1, 4, 7, 0, 2, 5]] 
Generation 208 (2) (U.S: 2) -> [[4, 1, 5, 0, 6, 3, 7, 2], [6, 3, 1, 4, 7, 0, 2, 5]] 
Generation 209 (2) (U.S: 2) -> [[4, 1, 5, 0, 6, 3, 7, 2], [6, 3, 1, 4, 7, 0, 2, 5]] 
Generation 210 (2) (U.S: 2) -> [[4, 1, 5, 0, 6, 3, 7, 2], [6, 3, 1, 4, 7, 0, 2, 5]] 
Generation 211 (2) (U.S: 2) -> [[4, 1, 5, 0, 6, 3, 7, 2], [6, 3, 1, 4, 7, 0, 2, 5]] 
Generation 212 (2) (U.S: 2) -> [[4, 1, 5, 0, 6, 3, 7, 2], [6, 3, 1, 4, 7, 0, 2, 5]] 
Generation 213 (2) (U.S: 2) -> [[4, 1, 5, 0, 6, 3, 7, 2], [6, 3, 1, 4, 7, 0, 2, 5]] 
Generation 214 (2) (U.S: 2) -> [[4, 1, 5, 0, 6, 3, 7, 2], [6, 3, 1, 4, 7, 0, 2, 5]] 
Generation 215 (2) (U.S: 2) -> [[4, 1, 5, 0, 6, 3, 7, 2], [6, 3, 1, 4, 7, 0, 2, 5]] 
Generation 216 (2) (U.S: 2) -> [[4, 1, 5, 0, 6, 3, 7, 2], [6, 3, 1, 4, 7, 0, 2, 5]] 
Generation 217 (2) (U.S: 2) -> [[4, 1, 5, 0, 6, 3, 7, 2], [6, 3, 1, 4, 7, 0, 2, 5]] 
Generation 218 (2) (U.S: 2) -> [[4, 1, 5, 0, 6, 3, 7, 2], [6, 3, 1, 4, 7, 0, 2, 5]] 
Generation 219 (2) (U.S: 2) -> [[4, 1, 5, 0, 6, 3, 7, 2], [6, 3, 1, 4, 7, 0, 2, 5]] 
Generation 220 (2) (U.S: 2) -> [[4, 1, 5, 0, 6, 3, 7, 2], [6, 3, 1, 4, 7, 0, 2, 5]] 
Generation 221 (2) (U.S: 2) -> [[4, 1, 5, 0, 6, 3, 7, 2], [6, 3, 1, 4, 7, 0, 2, 5]] 
Generation 222 (2) (U.S: 2) -> [[4, 1, 5, 0, 6, 3, 7, 2], [6, 3, 1, 4, 7, 0, 2, 5]] 
Generation 223 (2) (U.S: 2) -> [[4, 1, 5, 0, 6, 3, 7, 2], [6, 3, 1, 4, 7, 0, 2, 5]] 
Generation 224 (2) (U.S: 2) -> [[4, 1, 5, 0, 6, 3, 7, 2], [6, 3, 1, 4, 7, 0, 2, 5]] 
Generation 225 (2) (U.S: 2) -> [[4, 1, 5, 0, 6, 3, 7, 2], [6, 3, 1, 4, 7, 0, 2, 5]] 
Generation 226 (2) (U.S: 2) -> [[4, 1, 5, 0, 6, 3, 7, 2], [6, 3, 1, 4, 7, 0, 2, 5]] 
Generation 227 (2) (U.S: 2) -> [[4, 1, 5, 0, 6, 3, 7, 2], [6, 3, 1, 4, 7, 0, 2, 5]] 
Generation 228 (2) (U.S: 2) -> [[4, 1, 5, 0, 6, 3, 7, 2], [6, 3, 1, 4, 7, 0, 2, 5]] 
Generation 229 (2) (U.S: 2) -> [[4, 1, 5, 0, 6, 3, 7, 2], [6, 3, 1, 4, 7, 0, 2, 5]] 
Generation 230 (2) (U.S: 2) -> [[4, 1, 5, 0, 6, 3, 7, 2], [6, 3, 1, 4, 7, 0, 2, 5]] 
Generation 231 (2) (U.S: 2) -> [[4, 1, 5, 0, 6, 3, 7, 2], [6, 3, 1, 4, 7, 0, 2, 5]] 
Generation 232 (2) (U.S: 2) -> [[4, 1, 5, 0, 6, 3, 7, 2], [6, 3, 1, 4, 7, 0, 2, 5]] 
Generation 233 (2) (U.S: 2) -> [[4, 1, 5, 0, 6, 3, 7, 2], [6, 3, 1, 4, 7, 0, 2, 5]] 
Generation 234 (2) (U.S: 2) -> [[4, 1, 5, 0, 6, 3, 7, 2], [6, 3, 1, 4, 7, 0, 2, 5]] 
Generation 235 (2) (U.S: 2) -> [[4, 1, 5, 0, 6, 3, 7, 2], [6, 3, 1, 4, 7, 0, 2, 5]] 
Generation 236 (2) (U.S: 2) -> [[4, 1, 5, 0, 6, 3, 7, 2], [6, 3, 1, 4, 7, 0, 2, 5]] 
Generation 237 (2) (U.S: 2) -> [[4, 1, 5, 0, 6, 3, 7, 2], [6, 3, 1, 4, 7, 0, 2, 5]] 
Generation 238 (2) (U.S: 2) -> [[4, 1, 5, 0, 6, 3, 7, 2], [6, 3, 1, 4, 7, 0, 2, 5]] 
Generation 239 (2) (U.S: 2) -> [[4, 1, 5, 0, 6, 3, 7, 2], [6, 3, 1, 4, 7, 0, 2, 5]] 
Generation 240 (2) (U.S: 2) -> [[4, 1, 5, 0, 6, 3, 7, 2], [6, 3, 1, 4, 7, 0, 2, 5]] 
Generation 241 (2) (U.S: 2) -> [[4, 1, 5, 0, 6, 3, 7, 2], [6, 3, 1, 4, 7, 0, 2, 5]] 
Generation 242 (2) (U.S: 2) -> [[4, 1, 5, 0, 6, 3, 7, 2], [6, 3, 1, 4, 7, 0, 2, 5]] 
Generation 243 (2) (U.S: 2) -> [[4, 1, 5, 0, 6, 3, 7, 2], [6, 3, 1, 4, 7, 0, 2, 5]] 
Generation 244 (2) (U.S: 2) -> [[4, 1, 5, 0, 6, 3, 7, 2], [6, 3, 1, 4, 7, 0, 2, 5]] 
Generation 245 (2) (U.S: 2) -> [[4, 1, 5, 0, 6, 3, 7, 2], [6, 3, 1, 4, 7, 0, 2, 5]] 
Generation 246 (2) (U.S: 2) -> [[4, 1, 5, 0, 6, 3, 7, 2], [6, 3, 1, 4, 7, 0, 2, 5]] 
Generation 247 (2) (U.S: 2) -> [[4, 1, 5, 0, 6, 3, 7, 2], [6, 3, 1, 4, 7, 0, 2, 5]] 
Generation 248 (2) (U.S: 2) -> [[4, 1, 5, 0, 6, 3, 7, 2], [6, 3, 1, 4, 7, 0, 2, 5]] 
Generation 249 (2) (U.S: 2) -> [[4, 1, 5, 0, 6, 3, 7, 2], [6, 3, 1, 4, 7, 0, 2, 5]] 
Generation 250 (2) (U.S: 2) -> [[4, 1, 5, 0, 6, 3, 7, 2], [6, 3, 1, 4, 7, 0, 2, 5]] 
Generation 251 (2) (U.S: 2) -> [[4, 1, 5, 0, 6, 3, 7, 2], [6, 3, 1, 4, 7, 0, 2, 5]] 
Generation 252 (2) (U.S: 2) -> [[4, 1, 5, 0, 6, 3, 7, 2], [6, 3, 1, 4, 7, 0, 2, 5]] 
Generation 253 (2) (U.S: 2) -> [[4, 1, 5, 0, 6, 3, 7, 2], [6, 3, 1, 4, 7, 0, 2, 5]] 
Generation 254 (2) (U.S: 2) -> [[4, 1, 5, 0, 6, 3, 7, 2], [6, 3, 1, 4, 7, 0, 2, 5]] 
Generation 255 (2) (U.S: 2) -> [[4, 1, 5, 0, 6, 3, 7, 2], [6, 3, 1, 4, 7, 0, 2, 5]] 
Generation 256 (2) (U.S: 2) -> [[4, 1, 5, 0, 6, 3, 7, 2], [6, 3, 1, 4, 7, 0, 2, 5]] 
Generation 257 (2) (U.S: 2) -> [[4, 1, 5, 0, 6, 3, 7, 2], [6, 3, 1, 4, 7, 0, 2, 5]] 
Generation 258 (2) (U.S: 2) -> [[4, 1, 5, 0, 6, 3, 7, 2], [6, 3, 1, 4, 7, 0, 2, 5]] 
Generation 259 (2) (U.S: 2) -> [[4, 1, 5, 0, 6, 3, 7, 2], [6, 3, 1, 4, 7, 0, 2, 5]] 
Generation 260 (2) (U.S: 2) -> [[4, 1, 5, 0, 6, 3, 7, 2], [6, 3, 1, 4, 7, 0, 2, 5]] 
Generation 261 (2) (U.S: 2) -> [[4, 1, 5, 0, 6, 3, 7, 2], [6, 3, 1, 4, 7, 0, 2, 5]] 
Generation 262 (2) (U.S: 2) -> [[4, 1, 5, 0, 6, 3, 7, 2], [6, 3, 1, 4, 7, 0, 2, 5]] 
Generation 263 (2) (U.S: 2) -> [[4, 1, 5, 0, 6, 3, 7, 2], [6, 3, 1, 4, 7, 0, 2, 5]] 
Generation 264 (2) (U.S: 2) -> [[4, 1, 5, 0, 6, 3, 7, 2], [6, 3, 1, 4, 7, 0, 2, 5]] 
Generation 265 (2) (U.S: 2) -> [[4, 1, 5, 0, 6, 3, 7, 2], [6, 3, 1, 4, 7, 0, 2, 5]] 
Generation 266 (2) (U.S: 2) -> [[4, 1, 5, 0, 6, 3, 7, 2], [6, 3, 1, 4, 7, 0, 2, 5]] 
Generation 267 (2) (U.S: 2) -> [[4, 1, 5, 0, 6, 3, 7, 2], [6, 3, 1, 4, 7, 0, 2, 5]] 
Generation 268 (2) (U.S: 2) -> [[4, 1, 5, 0, 6, 3, 7, 2], [6, 3, 1, 4, 7, 0, 2, 5]] 
Generation 269 (2) (U.S: 2) -> [[4, 1, 5, 0, 6, 3, 7, 2], [6, 3, 1, 4, 7, 0, 2, 5]] 
Generation 270 (2) (U.S: 2) -> [[4, 1, 5, 0, 6, 3, 7, 2], [6, 3, 1, 4, 7, 0, 2, 5]] 
Generation 271 (2) (U.S: 2) -> [[4, 1, 5, 0, 6, 3, 7, 2], [6, 3, 1, 4, 7, 0, 2, 5]] 
Generation 272 (2) (U.S: 2) -> [[4, 1, 5, 0, 6, 3, 7, 2], [6, 3, 1, 4, 7, 0, 2, 5]] 
Generation 273 (2) (U.S: 2) -> [[4, 1, 5, 0, 6, 3, 7, 2], [6, 3, 1, 4, 7, 0, 2, 5]] 
Generation 274 (2) (U.S: 2) -> [[4, 1, 5, 0, 6, 3, 7, 2], [6, 3, 1, 4, 7, 0, 2, 5]] 
Generation 275 (2) (U.S: 2) -> [[4, 1, 5, 0, 6, 3, 7, 2], [6, 3, 1, 4, 7, 0, 2, 5]] 
Generation 276 (2) (U.S: 2) -> [[4, 1, 5, 0, 6, 3, 7, 2], [6, 3, 1, 4, 7, 0, 2, 5]] 
Generation 277 (2) (U.S: 2) -> [[4, 1, 5, 0, 6, 3, 7, 2], [6, 3, 1, 4, 7, 0, 2, 5]] 
Generation 278 (2) (U.S: 2) -> [[4, 1, 5, 0, 6, 3, 7, 2], [6, 3, 1, 4, 7, 0, 2, 5]] 
Generation 279 (2) (U.S: 2) -> [[4, 1, 5, 0, 6, 3, 7, 2], [6, 3, 1, 4, 7, 0, 2, 5]] 
Generation 280 (3) (U.S: 3) -> [[4, 1, 5, 0, 6, 3, 7, 2], [6, 3, 1, 4, 7, 0, 2, 5], [2, 5, 7, 0, 4, 6, 1, 3]] 
Generation 281 (3) (U.S: 3) -> [[4, 1, 5, 0, 6, 3, 7, 2], [6, 3, 1, 4, 7, 0, 2, 5], [2, 5, 7, 0, 4, 6, 1, 3]] 
Generation 282 (3) (U.S: 3) -> [[4, 1, 5, 0, 6, 3, 7, 2], [6, 3, 1, 4, 7, 0, 2, 5], [2, 5, 7, 0, 4, 6, 1, 3]] 
Generation 283 (3) (U.S: 3) -> [[4, 1, 5, 0, 6, 3, 7, 2], [6, 3, 1, 4, 7, 0, 2, 5], [2, 5, 7, 0, 4, 6, 1, 3]] 
Generation 284 (3) (U.S: 3) -> [[4, 1, 5, 0, 6, 3, 7, 2], [6, 3, 1, 4, 7, 0, 2, 5], [2, 5, 7, 0, 4, 6, 1, 3]] 
Generation 285 (3) (U.S: 3) -> [[4, 1, 5, 0, 6, 3, 7, 2], [6, 3, 1, 4, 7, 0, 2, 5], [2, 5, 7, 0, 4, 6, 1, 3]] 
Generation 286 (3) (U.S: 3) -> [[4, 1, 5, 0, 6, 3, 7, 2], [6, 3, 1, 4, 7, 0, 2, 5], [2, 5, 7, 0, 4, 6, 1, 3]] 
Generation 287 (3) (U.S: 3) -> [[4, 1, 5, 0, 6, 3, 7, 2], [6, 3, 1, 4, 7, 0, 2, 5], [2, 5, 7, 0, 4, 6, 1, 3]] 
Generation 288 (3) (U.S: 3) -> [[4, 1, 5, 0, 6, 3, 7, 2], [6, 3, 1, 4, 7, 0, 2, 5], [2, 5, 7, 0, 4, 6, 1, 3]] 
Generation 289 (3) (U.S: 3) -> [[4, 1, 5, 0, 6, 3, 7, 2], [6, 3, 1, 4, 7, 0, 2, 5], [2, 5, 7, 0, 4, 6, 1, 3]] 
Generation 290 (3) (U.S: 3) -> [[4, 1, 5, 0, 6, 3, 7, 2], [6, 3, 1, 4, 7, 0, 2, 5], [2, 5, 7, 0, 4, 6, 1, 3]] 
Generation 291 (3) (U.S: 3) -> [[4, 1, 5, 0, 6, 3, 7, 2], [6, 3, 1, 4, 7, 0, 2, 5], [2, 5, 7, 0, 4, 6, 1, 3]] 
Generation 292 (3) (U.S: 3) -> [[4, 1, 5, 0, 6, 3, 7, 2], [6, 3, 1, 4, 7, 0, 2, 5], [2, 5, 7, 0, 4, 6, 1, 3]] 
Generation 293 (3) (U.S: 3) -> [[4, 1, 5, 0, 6, 3, 7, 2], [6, 3, 1, 4, 7, 0, 2, 5], [2, 5, 7, 0, 4, 6, 1, 3]] 
Generation 294 (3) (U.S: 3) -> [[4, 1, 5, 0, 6, 3, 7, 2], [6, 3, 1, 4, 7, 0, 2, 5], [2, 5, 7, 0, 4, 6, 1, 3]] 
Generation 295 (3) (U.S: 3) -> [[4, 1, 5, 0, 6, 3, 7, 2], [6, 3, 1, 4, 7, 0, 2, 5], [2, 5, 7, 0, 4, 6, 1, 3]] 
Generation 296 (3) (U.S: 3) -> [[4, 1, 5, 0, 6, 3, 7, 2], [6, 3, 1, 4, 7, 0, 2, 5], [2, 5, 7, 0, 4, 6, 1, 3]] 
Generation 297 (3) (U.S: 3) -> [[4, 1, 5, 0, 6, 3, 7, 2], [6, 3, 1, 4, 7, 0, 2, 5], [2, 5, 7, 0, 4, 6, 1, 3]] 
Generation 298 (3) (U.S: 3) -> [[4, 1, 5, 0, 6, 3, 7, 2], [6, 3, 1, 4, 7, 0, 2, 5], [2, 5, 7, 0, 4, 6, 1, 3]] 
Generation 299 (3) (U.S: 3) -> [[4, 1, 5, 0, 6, 3, 7, 2], [6, 3, 1, 4, 7, 0, 2, 5], [2, 5, 7, 0, 4, 6, 1, 3]] 
Generation 300 (3) (U.S: 3) -> [[4, 1, 5, 0, 6, 3, 7, 2], [6, 3, 1, 4, 7, 0, 2, 5], [2, 5, 7, 0, 4, 6, 1, 3]] 
------------------------------------ 
The 3 solutions found are: 
4
1
5
0
6
3
7
2
6
3
1
4
7
0
2
5
2
5
7
0
4
6
1
3
