Objective Function: Attack and diversity 
lengthPopulation: 100 
lengthChromosome: 8 
lengthMatingPool: 80 
generations:  300 
------------------------------------ 
Selection Method: Roulette 
Reproduction Method: Mutation 
Replacement Selection Method: Weakest Replacement 

Results: 
Generation 1 (1) (U.S: 1) -> [[3, 5, 0, 4, 1, 7, 2, 6]] 
Generation 2 (1) (U.S: 1) -> [[3, 5, 0, 4, 1, 7, 2, 6]] 
Generation 3 (1) (U.S: 1) -> [[3, 5, 0, 4, 1, 7, 2, 6]] 
Generation 4 (1) (U.S: 1) -> [[3, 5, 0, 4, 1, 7, 2, 6]] 
Generation 5 (1) (U.S: 1) -> [[3, 5, 0, 4, 1, 7, 2, 6]] 
Generation 6 (1) (U.S: 1) -> [[3, 5, 0, 4, 1, 7, 2, 6]] 
Generation 7 (1) (U.S: 1) -> [[3, 5, 0, 4, 1, 7, 2, 6]] 
Generation 8 (1) (U.S: 1) -> [[3, 5, 0, 4, 1, 7, 2, 6]] 
Generation 9 (1) (U.S: 1) -> [[3, 5, 0, 4, 1, 7, 2, 6]] 
Generation 10 (1) (U.S: 1) -> [[3, 5, 0, 4, 1, 7, 2, 6]] 
Generation 11 (1) (U.S: 1) -> [[3, 5, 0, 4, 1, 7, 2, 6]] 
Generation 12 (1) (U.S: 1) -> [[3, 5, 0, 4, 1, 7, 2, 6]] 
Generation 13 (1) (U.S: 1) -> [[3, 5, 0, 4, 1, 7, 2, 6]] 
Generation 14 (1) (U.S: 1) -> [[3, 5, 0, 4, 1, 7, 2, 6]] 
Generation 15 (1) (U.S: 1) -> [[3, 5, 0, 4, 1, 7, 2, 6]] 
Generation 16 (1) (U.S: 1) -> [[3, 5, 0, 4, 1, 7, 2, 6]] 
Generation 17 (1) (U.S: 1) -> [[3, 5, 0, 4, 1, 7, 2, 6]] 
Generation 18 (1) (U.S: 1) -> [[3, 5, 0, 4, 1, 7, 2, 6]] 
Generation 19 (1) (U.S: 1) -> [[3, 5, 0, 4, 1, 7, 2, 6]] 
Generation 20 (1) (U.S: 1) -> [[3, 5, 0, 4, 1, 7, 2, 6]] 
Generation 21 (1) (U.S: 1) -> [[3, 5, 0, 4, 1, 7, 2, 6]] 
Generation 22 (1) (U.S: 1) -> [[3, 5, 0, 4, 1, 7, 2, 6]] 
Generation 23 (1) (U.S: 1) -> [[3, 5, 0, 4, 1, 7, 2, 6]] 
Generation 24 (1) (U.S: 1) -> [[3, 5, 0, 4, 1, 7, 2, 6]] 
Generation 25 (1) (U.S: 1) -> [[3, 5, 0, 4, 1, 7, 2, 6]] 
Generation 26 (1) (U.S: 1) -> [[3, 5, 0, 4, 1, 7, 2, 6]] 
Generation 27 (1) (U.S: 1) -> [[3, 5, 0, 4, 1, 7, 2, 6]] 
Generation 28 (1) (U.S: 1) -> [[3, 5, 0, 4, 1, 7, 2, 6]] 
Generation 29 (1) (U.S: 1) -> [[3, 5, 0, 4, 1, 7, 2, 6]] 
Generation 30 (1) (U.S: 1) -> [[3, 5, 0, 4, 1, 7, 2, 6]] 
Generation 31 (1) (U.S: 1) -> [[3, 5, 0, 4, 1, 7, 2, 6]] 
Generation 32 (1) (U.S: 1) -> [[3, 5, 0, 4, 1, 7, 2, 6]] 
Generation 33 (1) (U.S: 1) -> [[3, 5, 0, 4, 1, 7, 2, 6]] 
Generation 34 (1) (U.S: 1) -> [[3, 5, 0, 4, 1, 7, 2, 6]] 
Generation 35 (1) (U.S: 1) -> [[3, 5, 0, 4, 1, 7, 2, 6]] 
Generation 36 (1) (U.S: 1) -> [[3, 5, 0, 4, 1, 7, 2, 6]] 
Generation 37 (1) (U.S: 1) -> [[3, 5, 0, 4, 1, 7, 2, 6]] 
Generation 38 (1) (U.S: 1) -> [[3, 5, 0, 4, 1, 7, 2, 6]] 
Generation 39 (1) (U.S: 1) -> [[3, 5, 0, 4, 1, 7, 2, 6]] 
Generation 40 (1) (U.S: 1) -> [[3, 5, 0, 4, 1, 7, 2, 6]] 
Generation 41 (1) (U.S: 1) -> [[3, 5, 0, 4, 1, 7, 2, 6]] 
Generation 42 (1) (U.S: 1) -> [[3, 5, 0, 4, 1, 7, 2, 6]] 
Generation 43 (1) (U.S: 1) -> [[3, 5, 0, 4, 1, 7, 2, 6]] 
Generation 44 (1) (U.S: 1) -> [[3, 5, 0, 4, 1, 7, 2, 6]] 
Generation 45 (1) (U.S: 1) -> [[3, 5, 0, 4, 1, 7, 2, 6]] 
Generation 46 (1) (U.S: 1) -> [[3, 5, 0, 4, 1, 7, 2, 6]] 
Generation 47 (1) (U.S: 1) -> [[3, 5, 0, 4, 1, 7, 2, 6]] 
Generation 48 (1) (U.S: 1) -> [[3, 5, 0, 4, 1, 7, 2, 6]] 
Generation 49 (1) (U.S: 1) -> [[3, 5, 0, 4, 1, 7, 2, 6]] 
Generation 50 (1) (U.S: 1) -> [[3, 5, 0, 4, 1, 7, 2, 6]] 
Generation 51 (1) (U.S: 1) -> [[3, 5, 0, 4, 1, 7, 2, 6]] 
Generation 52 (1) (U.S: 1) -> [[3, 5, 0, 4, 1, 7, 2, 6]] 
Generation 53 (2) (U.S: 2) -> [[1, 4, 6, 3, 0, 7, 5, 2], [3, 5, 0, 4, 1, 7, 2, 6]] 
Generation 54 (1) (U.S: 1) -> [[3, 5, 0, 4, 1, 7, 2, 6]] 
Generation 55 (1) (U.S: 1) -> [[3, 5, 0, 4, 1, 7, 2, 6]] 
Generation 56 (1) (U.S: 1) -> [[3, 5, 0, 4, 1, 7, 2, 6]] 
Generation 57 (1) (U.S: 1) -> [[3, 5, 0, 4, 1, 7, 2, 6]] 
Generation 58 (1) (U.S: 1) -> [[3, 5, 0, 4, 1, 7, 2, 6]] 
Generation 59 (1) (U.S: 1) -> [[3, 5, 0, 4, 1, 7, 2, 6]] 
Generation 60 (2) (U.S: 2) -> [[1, 4, 6, 3, 0, 7, 5, 2], [3, 5, 0, 4, 1, 7, 2, 6]] 
Generation 61 (1) (U.S: 1) -> [[3, 5, 0, 4, 1, 7, 2, 6]] 
Generation 62 (1) (U.S: 1) -> [[3, 5, 0, 4, 1, 7, 2, 6]] 
Generation 63 (1) (U.S: 1) -> [[3, 5, 0, 4, 1, 7, 2, 6]] 
Generation 64 (1) (U.S: 1) -> [[3, 5, 0, 4, 1, 7, 2, 6]] 
Generation 65 (1) (U.S: 1) -> [[3, 5, 0, 4, 1, 7, 2, 6]] 
Generation 66 (1) (U.S: 1) -> [[3, 5, 0, 4, 1, 7, 2, 6]] 
Generation 67 (1) (U.S: 1) -> [[3, 5, 0, 4, 1, 7, 2, 6]] 
Generation 68 (1) (U.S: 1) -> [[3, 5, 0, 4, 1, 7, 2, 6]] 
Generation 69 (1) (U.S: 1) -> [[3, 5, 0, 4, 1, 7, 2, 6]] 
Generation 70 (1) (U.S: 1) -> [[3, 5, 0, 4, 1, 7, 2, 6]] 
Generation 71 (1) (U.S: 1) -> [[3, 5, 0, 4, 1, 7, 2, 6]] 
Generation 72 (1) (U.S: 1) -> [[3, 5, 0, 4, 1, 7, 2, 6]] 
Generation 73 (1) (U.S: 1) -> [[3, 5, 0, 4, 1, 7, 2, 6]] 
Generation 74 (1) (U.S: 1) -> [[3, 5, 0, 4, 1, 7, 2, 6]] 
Generation 75 (1) (U.S: 1) -> [[3, 5, 0, 4, 1, 7, 2, 6]] 
Generation 76 (1) (U.S: 1) -> [[3, 5, 0, 4, 1, 7, 2, 6]] 
Generation 77 (1) (U.S: 1) -> [[3, 5, 0, 4, 1, 7, 2, 6]] 
Generation 78 (1) (U.S: 1) -> [[3, 5, 0, 4, 1, 7, 2, 6]] 
Generation 79 (1) (U.S: 1) -> [[3, 5, 0, 4, 1, 7, 2, 6]] 
Generation 80 (1) (U.S: 1) -> [[3, 5, 0, 4, 1, 7, 2, 6]] 
Generation 81 (1) (U.S: 1) -> [[3, 5, 0, 4, 1, 7, 2, 6]] 
Generation 82 (1) (U.S: 1) -> [[3, 5, 0, 4, 1, 7, 2, 6]] 
Generation 83 (1) (U.S: 1) -> [[3, 5, 0, 4, 1, 7, 2, 6]] 
Generation 84 (1) (U.S: 1) -> [[3, 5, 0, 4, 1, 7, 2, 6]] 
Generation 85 (1) (U.S: 1) -> [[3, 5, 0, 4, 1, 7, 2, 6]] 
Generation 86 (1) (U.S: 1) -> [[3, 5, 0, 4, 1, 7, 2, 6]] 
Generation 87 (1) (U.S: 1) -> [[3, 5, 0, 4, 1, 7, 2, 6]] 
Generation 88 (1) (U.S: 1) -> [[3, 5, 0, 4, 1, 7, 2, 6]] 
Generation 89 (1) (U.S: 1) -> [[3, 5, 0, 4, 1, 7, 2, 6]] 
Generation 90 (1) (U.S: 1) -> [[3, 5, 0, 4, 1, 7, 2, 6]] 
Generation 91 (1) (U.S: 1) -> [[3, 5, 0, 4, 1, 7, 2, 6]] 
Generation 92 (1) (U.S: 1) -> [[3, 5, 0, 4, 1, 7, 2, 6]] 
Generation 93 (1) (U.S: 1) -> [[3, 5, 0, 4, 1, 7, 2, 6]] 
Generation 94 (1) (U.S: 1) -> [[3, 5, 0, 4, 1, 7, 2, 6]] 
Generation 95 (1) (U.S: 1) -> [[3, 5, 0, 4, 1, 7, 2, 6]] 
Generation 96 (1) (U.S: 1) -> [[3, 5, 0, 4, 1, 7, 2, 6]] 
Generation 97 (1) (U.S: 1) -> [[3, 5, 0, 4, 1, 7, 2, 6]] 
Generation 98 (1) (U.S: 1) -> [[3, 5, 0, 4, 1, 7, 2, 6]] 
Generation 99 (1) (U.S: 1) -> [[3, 5, 0, 4, 1, 7, 2, 6]] 
Generation 100 (1) (U.S: 1) -> [[3, 5, 0, 4, 1, 7, 2, 6]] 
Generation 101 (1) (U.S: 1) -> [[3, 5, 0, 4, 1, 7, 2, 6]] 
Generation 102 (1) (U.S: 1) -> [[3, 5, 0, 4, 1, 7, 2, 6]] 
Generation 103 (1) (U.S: 1) -> [[3, 5, 0, 4, 1, 7, 2, 6]] 
Generation 104 (1) (U.S: 1) -> [[3, 5, 0, 4, 1, 7, 2, 6]] 
Generation 105 (1) (U.S: 1) -> [[3, 5, 0, 4, 1, 7, 2, 6]] 
Generation 106 (1) (U.S: 1) -> [[3, 5, 0, 4, 1, 7, 2, 6]] 
Generation 107 (1) (U.S: 1) -> [[3, 5, 0, 4, 1, 7, 2, 6]] 
Generation 108 (1) (U.S: 1) -> [[3, 5, 0, 4, 1, 7, 2, 6]] 
Generation 109 (1) (U.S: 1) -> [[3, 5, 0, 4, 1, 7, 2, 6]] 
Generation 110 (2) (U.S: 2) -> [[1, 4, 6, 3, 0, 7, 5, 2], [3, 5, 0, 4, 1, 7, 2, 6]] 
Generation 111 (1) (U.S: 1) -> [[3, 5, 0, 4, 1, 7, 2, 6]] 
Generation 112 (1) (U.S: 1) -> [[3, 5, 0, 4, 1, 7, 2, 6]] 
Generation 113 (1) (U.S: 1) -> [[3, 5, 0, 4, 1, 7, 2, 6]] 
Generation 114 (1) (U.S: 1) -> [[3, 5, 0, 4, 1, 7, 2, 6]] 
Generation 115 (1) (U.S: 1) -> [[3, 5, 0, 4, 1, 7, 2, 6]] 
Generation 116 (1) (U.S: 1) -> [[3, 5, 0, 4, 1, 7, 2, 6]] 
Generation 117 (1) (U.S: 1) -> [[3, 5, 0, 4, 1, 7, 2, 6]] 
Generation 118 (1) (U.S: 1) -> [[3, 5, 0, 4, 1, 7, 2, 6]] 
Generation 119 (1) (U.S: 1) -> [[3, 5, 0, 4, 1, 7, 2, 6]] 
Generation 120 (1) (U.S: 1) -> [[3, 5, 0, 4, 1, 7, 2, 6]] 
Generation 121 (1) (U.S: 1) -> [[3, 5, 0, 4, 1, 7, 2, 6]] 
Generation 122 (1) (U.S: 1) -> [[3, 5, 0, 4, 1, 7, 2, 6]] 
Generation 123 (1) (U.S: 1) -> [[3, 5, 0, 4, 1, 7, 2, 6]] 
Generation 124 (1) (U.S: 1) -> [[3, 5, 0, 4, 1, 7, 2, 6]] 
Generation 125 (1) (U.S: 1) -> [[3, 5, 0, 4, 1, 7, 2, 6]] 
Generation 126 (1) (U.S: 1) -> [[3, 5, 0, 4, 1, 7, 2, 6]] 
Generation 127 (1) (U.S: 1) -> [[3, 5, 0, 4, 1, 7, 2, 6]] 
Generation 128 (1) (U.S: 1) -> [[3, 5, 0, 4, 1, 7, 2, 6]] 
Generation 129 (1) (U.S: 1) -> [[3, 5, 0, 4, 1, 7, 2, 6]] 
Generation 130 (1) (U.S: 1) -> [[3, 5, 0, 4, 1, 7, 2, 6]] 
Generation 131 (1) (U.S: 1) -> [[3, 5, 0, 4, 1, 7, 2, 6]] 
Generation 132 (1) (U.S: 1) -> [[3, 5, 0, 4, 1, 7, 2, 6]] 
Generation 133 (1) (U.S: 1) -> [[3, 5, 0, 4, 1, 7, 2, 6]] 
Generation 134 (1) (U.S: 1) -> [[3, 5, 0, 4, 1, 7, 2, 6]] 
Generation 135 (1) (U.S: 1) -> [[3, 5, 0, 4, 1, 7, 2, 6]] 
Generation 136 (1) (U.S: 1) -> [[3, 5, 0, 4, 1, 7, 2, 6]] 
Generation 137 (1) (U.S: 1) -> [[3, 5, 0, 4, 1, 7, 2, 6]] 
Generation 138 (1) (U.S: 1) -> [[3, 5, 0, 4, 1, 7, 2, 6]] 
Generation 139 (1) (U.S: 1) -> [[3, 5, 0, 4, 1, 7, 2, 6]] 
Generation 140 (1) (U.S: 1) -> [[3, 5, 0, 4, 1, 7, 2, 6]] 
Generation 141 (1) (U.S: 1) -> [[3, 5, 0, 4, 1, 7, 2, 6]] 
Generation 142 (1) (U.S: 1) -> [[3, 5, 0, 4, 1, 7, 2, 6]] 
Generation 143 (1) (U.S: 1) -> [[3, 5, 0, 4, 1, 7, 2, 6]] 
Generation 144 (1) (U.S: 1) -> [[3, 5, 0, 4, 1, 7, 2, 6]] 
Generation 145 (1) (U.S: 1) -> [[3, 5, 0, 4, 1, 7, 2, 6]] 
Generation 146 (1) (U.S: 1) -> [[3, 5, 0, 4, 1, 7, 2, 6]] 
Generation 147 (1) (U.S: 1) -> [[3, 5, 0, 4, 1, 7, 2, 6]] 
Generation 148 (2) (U.S: 2) -> [[1, 4, 6, 3, 0, 7, 5, 2], [3, 5, 0, 4, 1, 7, 2, 6]] 
Generation 149 (1) (U.S: 1) -> [[3, 5, 0, 4, 1, 7, 2, 6]] 
Generation 150 (1) (U.S: 1) -> [[3, 5, 0, 4, 1, 7, 2, 6]] 
Generation 151 (1) (U.S: 1) -> [[3, 5, 0, 4, 1, 7, 2, 6]] 
Generation 152 (1) (U.S: 1) -> [[3, 5, 0, 4, 1, 7, 2, 6]] 
Generation 153 (1) (U.S: 1) -> [[3, 5, 0, 4, 1, 7, 2, 6]] 
Generation 154 (1) (U.S: 1) -> [[3, 5, 0, 4, 1, 7, 2, 6]] 
Generation 155 (1) (U.S: 1) -> [[3, 5, 0, 4, 1, 7, 2, 6]] 
Generation 156 (1) (U.S: 1) -> [[3, 5, 0, 4, 1, 7, 2, 6]] 
Generation 157 (1) (U.S: 1) -> [[3, 5, 0, 4, 1, 7, 2, 6]] 
Generation 158 (1) (U.S: 1) -> [[3, 5, 0, 4, 1, 7, 2, 6]] 
Generation 159 (1) (U.S: 1) -> [[3, 5, 0, 4, 1, 7, 2, 6]] 
Generation 160 (1) (U.S: 1) -> [[3, 5, 0, 4, 1, 7, 2, 6]] 
Generation 161 (1) (U.S: 1) -> [[3, 5, 0, 4, 1, 7, 2, 6]] 
Generation 162 (1) (U.S: 1) -> [[3, 5, 0, 4, 1, 7, 2, 6]] 
Generation 163 (1) (U.S: 1) -> [[3, 5, 0, 4, 1, 7, 2, 6]] 
Generation 164 (1) (U.S: 1) -> [[3, 5, 0, 4, 1, 7, 2, 6]] 
Generation 165 (1) (U.S: 1) -> [[3, 5, 0, 4, 1, 7, 2, 6]] 
Generation 166 (1) (U.S: 1) -> [[3, 5, 0, 4, 1, 7, 2, 6]] 
Generation 167 (1) (U.S: 1) -> [[3, 5, 0, 4, 1, 7, 2, 6]] 
Generation 168 (1) (U.S: 1) -> [[3, 5, 0, 4, 1, 7, 2, 6]] 
Generation 169 (1) (U.S: 1) -> [[3, 5, 0, 4, 1, 7, 2, 6]] 
Generation 170 (1) (U.S: 1) -> [[3, 5, 0, 4, 1, 7, 2, 6]] 
Generation 171 (1) (U.S: 1) -> [[3, 5, 0, 4, 1, 7, 2, 6]] 
Generation 172 (1) (U.S: 1) -> [[3, 5, 0, 4, 1, 7, 2, 6]] 
Generation 173 (1) (U.S: 1) -> [[3, 5, 0, 4, 1, 7, 2, 6]] 
Generation 174 (1) (U.S: 1) -> [[3, 5, 0, 4, 1, 7, 2, 6]] 
Generation 175 (2) (U.S: 2) -> [[1, 4, 6, 3, 0, 7, 5, 2], [3, 5, 0, 4, 1, 7, 2, 6]] 
Generation 176 (2) (U.S: 2) -> [[1, 4, 6, 3, 0, 7, 5, 2], [3, 5, 0, 4, 1, 7, 2, 6]] 
Generation 177 (1) (U.S: 1) -> [[3, 5, 0, 4, 1, 7, 2, 6]] 
Generation 178 (1) (U.S: 1) -> [[3, 5, 0, 4, 1, 7, 2, 6]] 
Generation 179 (1) (U.S: 1) -> [[3, 5, 0, 4, 1, 7, 2, 6]] 
Generation 180 (1) (U.S: 1) -> [[3, 5, 0, 4, 1, 7, 2, 6]] 
Generation 181 (1) (U.S: 1) -> [[3, 5, 0, 4, 1, 7, 2, 6]] 
Generation 182 (1) (U.S: 1) -> [[3, 5, 0, 4, 1, 7, 2, 6]] 
Generation 183 (2) (U.S: 2) -> [[1, 4, 6, 3, 0, 7, 5, 2], [3, 5, 0, 4, 1, 7, 2, 6]] 
Generation 184 (1) (U.S: 1) -> [[3, 5, 0, 4, 1, 7, 2, 6]] 
Generation 185 (1) (U.S: 1) -> [[3, 5, 0, 4, 1, 7, 2, 6]] 
Generation 186 (1) (U.S: 1) -> [[3, 5, 0, 4, 1, 7, 2, 6]] 
Generation 187 (1) (U.S: 1) -> [[3, 5, 0, 4, 1, 7, 2, 6]] 
Generation 188 (1) (U.S: 1) -> [[3, 5, 0, 4, 1, 7, 2, 6]] 
Generation 189 (1) (U.S: 1) -> [[3, 5, 0, 4, 1, 7, 2, 6]] 
Generation 190 (1) (U.S: 1) -> [[3, 5, 0, 4, 1, 7, 2, 6]] 
Generation 191 (1) (U.S: 1) -> [[3, 5, 0, 4, 1, 7, 2, 6]] 
Generation 192 (1) (U.S: 1) -> [[3, 5, 0, 4, 1, 7, 2, 6]] 
Generation 193 (1) (U.S: 1) -> [[3, 5, 0, 4, 1, 7, 2, 6]] 
Generation 194 (1) (U.S: 1) -> [[3, 5, 0, 4, 1, 7, 2, 6]] 
Generation 195 (1) (U.S: 1) -> [[3, 5, 0, 4, 1, 7, 2, 6]] 
Generation 196 (1) (U.S: 1) -> [[3, 5, 0, 4, 1, 7, 2, 6]] 
Generation 197 (2) (U.S: 2) -> [[1, 4, 6, 3, 0, 7, 5, 2], [3, 5, 0, 4, 1, 7, 2, 6]] 
Generation 198 (1) (U.S: 1) -> [[3, 5, 0, 4, 1, 7, 2, 6]] 
Generation 199 (1) (U.S: 1) -> [[3, 5, 0, 4, 1, 7, 2, 6]] 
Generation 200 (1) (U.S: 1) -> [[3, 5, 0, 4, 1, 7, 2, 6]] 
Generation 201 (1) (U.S: 1) -> [[3, 5, 0, 4, 1, 7, 2, 6]] 
Generation 202 (1) (U.S: 1) -> [[3, 5, 0, 4, 1, 7, 2, 6]] 
Generation 203 (1) (U.S: 1) -> [[3, 5, 0, 4, 1, 7, 2, 6]] 
Generation 204 (1) (U.S: 1) -> [[3, 5, 0, 4, 1, 7, 2, 6]] 
Generation 205 (1) (U.S: 1) -> [[3, 5, 0, 4, 1, 7, 2, 6]] 
Generation 206 (1) (U.S: 1) -> [[3, 5, 0, 4, 1, 7, 2, 6]] 
Generation 207 (1) (U.S: 1) -> [[3, 5, 0, 4, 1, 7, 2, 6]] 
Generation 208 (1) (U.S: 1) -> [[3, 5, 0, 4, 1, 7, 2, 6]] 
Generation 209 (1) (U.S: 1) -> [[3, 5, 0, 4, 1, 7, 2, 6]] 
Generation 210 (1) (U.S: 1) -> [[3, 5, 0, 4, 1, 7, 2, 6]] 
Generation 211 (1) (U.S: 1) -> [[3, 5, 0, 4, 1, 7, 2, 6]] 
Generation 212 (1) (U.S: 1) -> [[3, 5, 0, 4, 1, 7, 2, 6]] 
Generation 213 (1) (U.S: 1) -> [[3, 5, 0, 4, 1, 7, 2, 6]] 
Generation 214 (2) (U.S: 2) -> [[1, 4, 6, 3, 0, 7, 5, 2], [3, 5, 0, 4, 1, 7, 2, 6]] 
Generation 215 (2) (U.S: 2) -> [[1, 4, 6, 3, 0, 7, 5, 2], [3, 5, 0, 4, 1, 7, 2, 6]] 
Generation 216 (1) (U.S: 1) -> [[3, 5, 0, 4, 1, 7, 2, 6]] 
Generation 217 (1) (U.S: 1) -> [[3, 5, 0, 4, 1, 7, 2, 6]] 
Generation 218 (1) (U.S: 1) -> [[3, 5, 0, 4, 1, 7, 2, 6]] 
Generation 219 (1) (U.S: 1) -> [[3, 5, 0, 4, 1, 7, 2, 6]] 
Generation 220 (1) (U.S: 1) -> [[3, 5, 0, 4, 1, 7, 2, 6]] 
Generation 221 (1) (U.S: 1) -> [[3, 5, 0, 4, 1, 7, 2, 6]] 
Generation 222 (1) (U.S: 1) -> [[3, 5, 0, 4, 1, 7, 2, 6]] 
Generation 223 (1) (U.S: 1) -> [[3, 5, 0, 4, 1, 7, 2, 6]] 
Generation 224 (1) (U.S: 1) -> [[3, 5, 0, 4, 1, 7, 2, 6]] 
Generation 225 (1) (U.S: 1) -> [[3, 5, 0, 4, 1, 7, 2, 6]] 
Generation 226 (1) (U.S: 1) -> [[3, 5, 0, 4, 1, 7, 2, 6]] 
Generation 227 (1) (U.S: 1) -> [[3, 5, 0, 4, 1, 7, 2, 6]] 
Generation 228 (1) (U.S: 1) -> [[3, 5, 0, 4, 1, 7, 2, 6]] 
Generation 229 (1) (U.S: 1) -> [[3, 5, 0, 4, 1, 7, 2, 6]] 
Generation 230 (1) (U.S: 1) -> [[3, 5, 0, 4, 1, 7, 2, 6]] 
Generation 231 (1) (U.S: 1) -> [[3, 5, 0, 4, 1, 7, 2, 6]] 
Generation 232 (2) (U.S: 2) -> [[1, 4, 6, 3, 0, 7, 5, 2], [3, 5, 0, 4, 1, 7, 2, 6]] 
Generation 233 (1) (U.S: 1) -> [[3, 5, 0, 4, 1, 7, 2, 6]] 
Generation 234 (1) (U.S: 1) -> [[3, 5, 0, 4, 1, 7, 2, 6]] 
Generation 235 (1) (U.S: 1) -> [[3, 5, 0, 4, 1, 7, 2, 6]] 
Generation 236 (1) (U.S: 1) -> [[3, 5, 0, 4, 1, 7, 2, 6]] 
Generation 237 (1) (U.S: 1) -> [[3, 5, 0, 4, 1, 7, 2, 6]] 
Generation 238 (1) (U.S: 1) -> [[3, 5, 0, 4, 1, 7, 2, 6]] 
Generation 239 (1) (U.S: 1) -> [[3, 5, 0, 4, 1, 7, 2, 6]] 
Generation 240 (1) (U.S: 1) -> [[3, 5, 0, 4, 1, 7, 2, 6]] 
Generation 241 (1) (U.S: 1) -> [[3, 5, 0, 4, 1, 7, 2, 6]] 
Generation 242 (1) (U.S: 1) -> [[3, 5, 0, 4, 1, 7, 2, 6]] 
Generation 243 (1) (U.S: 1) -> [[3, 5, 0, 4, 1, 7, 2, 6]] 
Generation 244 (1) (U.S: 1) -> [[3, 5, 0, 4, 1, 7, 2, 6]] 
Generation 245 (1) (U.S: 1) -> [[3, 5, 0, 4, 1, 7, 2, 6]] 
Generation 246 (1) (U.S: 1) -> [[3, 5, 0, 4, 1, 7, 2, 6]] 
Generation 247 (1) (U.S: 1) -> [[3, 5, 0, 4, 1, 7, 2, 6]] 
Generation 248 (1) (U.S: 1) -> [[3, 5, 0, 4, 1, 7, 2, 6]] 
Generation 249 (1) (U.S: 1) -> [[3, 5, 0, 4, 1, 7, 2, 6]] 
Generation 250 (1) (U.S: 1) -> [[3, 5, 0, 4, 1, 7, 2, 6]] 
Generation 251 (1) (U.S: 1) -> [[3, 5, 0, 4, 1, 7, 2, 6]] 
Generation 252 (1) (U.S: 1) -> [[3, 5, 0, 4, 1, 7, 2, 6]] 
Generation 253 (1) (U.S: 1) -> [[3, 5, 0, 4, 1, 7, 2, 6]] 
Generation 254 (1) (U.S: 1) -> [[3, 5, 0, 4, 1, 7, 2, 6]] 
Generation 255 (1) (U.S: 1) -> [[3, 5, 0, 4, 1, 7, 2, 6]] 
Generation 256 (2) (U.S: 2) -> [[1, 4, 6, 3, 0, 7, 5, 2], [3, 5, 0, 4, 1, 7, 2, 6]] 
Generation 257 (1) (U.S: 1) -> [[3, 5, 0, 4, 1, 7, 2, 6]] 
Generation 258 (1) (U.S: 1) -> [[3, 5, 0, 4, 1, 7, 2, 6]] 
Generation 259 (1) (U.S: 1) -> [[3, 5, 0, 4, 1, 7, 2, 6]] 
Generation 260 (1) (U.S: 1) -> [[3, 5, 0, 4, 1, 7, 2, 6]] 
Generation 261 (1) (U.S: 1) -> [[3, 5, 0, 4, 1, 7, 2, 6]] 
Generation 262 (1) (U.S: 1) -> [[3, 5, 0, 4, 1, 7, 2, 6]] 
Generation 263 (1) (U.S: 1) -> [[3, 5, 0, 4, 1, 7, 2, 6]] 
Generation 264 (1) (U.S: 1) -> [[3, 5, 0, 4, 1, 7, 2, 6]] 
Generation 265 (1) (U.S: 1) -> [[3, 5, 0, 4, 1, 7, 2, 6]] 
Generation 266 (1) (U.S: 1) -> [[3, 5, 0, 4, 1, 7, 2, 6]] 
Generation 267 (1) (U.S: 1) -> [[3, 5, 0, 4, 1, 7, 2, 6]] 
Generation 268 (1) (U.S: 1) -> [[3, 5, 0, 4, 1, 7, 2, 6]] 
Generation 269 (1) (U.S: 1) -> [[3, 5, 0, 4, 1, 7, 2, 6]] 
Generation 270 (1) (U.S: 1) -> [[3, 5, 0, 4, 1, 7, 2, 6]] 
Generation 271 (1) (U.S: 1) -> [[3, 5, 0, 4, 1, 7, 2, 6]] 
Generation 272 (1) (U.S: 1) -> [[3, 5, 0, 4, 1, 7, 2, 6]] 
Generation 273 (1) (U.S: 1) -> [[3, 5, 0, 4, 1, 7, 2, 6]] 
Generation 274 (2) (U.S: 2) -> [[1, 4, 6, 3, 0, 7, 5, 2], [3, 5, 0, 4, 1, 7, 2, 6]] 
Generation 275 (1) (U.S: 1) -> [[3, 5, 0, 4, 1, 7, 2, 6]] 
Generation 276 (1) (U.S: 1) -> [[3, 5, 0, 4, 1, 7, 2, 6]] 
Generation 277 (1) (U.S: 1) -> [[3, 5, 0, 4, 1, 7, 2, 6]] 
Generation 278 (1) (U.S: 1) -> [[3, 5, 0, 4, 1, 7, 2, 6]] 
Generation 279 (1) (U.S: 1) -> [[3, 5, 0, 4, 1, 7, 2, 6]] 
Generation 280 (1) (U.S: 1) -> [[3, 5, 0, 4, 1, 7, 2, 6]] 
Generation 281 (1) (U.S: 1) -> [[3, 5, 0, 4, 1, 7, 2, 6]] 
Generation 282 (2) (U.S: 2) -> [[1, 4, 6, 3, 0, 7, 5, 2], [3, 5, 0, 4, 1, 7, 2, 6]] 
Generation 283 (1) (U.S: 1) -> [[3, 5, 0, 4, 1, 7, 2, 6]] 
Generation 284 (1) (U.S: 1) -> [[3, 5, 0, 4, 1, 7, 2, 6]] 
Generation 285 (1) (U.S: 1) -> [[3, 5, 0, 4, 1, 7, 2, 6]] 
Generation 286 (1) (U.S: 1) -> [[3, 5, 0, 4, 1, 7, 2, 6]] 
Generation 287 (1) (U.S: 1) -> [[3, 5, 0, 4, 1, 7, 2, 6]] 
Generation 288 (1) (U.S: 1) -> [[3, 5, 0, 4, 1, 7, 2, 6]] 
Generation 289 (1) (U.S: 1) -> [[3, 5, 0, 4, 1, 7, 2, 6]] 
Generation 290 (1) (U.S: 1) -> [[3, 5, 0, 4, 1, 7, 2, 6]] 
Generation 291 (1) (U.S: 1) -> [[3, 5, 0, 4, 1, 7, 2, 6]] 
Generation 292 (2) (U.S: 2) -> [[1, 4, 6, 3, 0, 7, 5, 2], [3, 5, 0, 4, 1, 7, 2, 6]] 
Generation 293 (1) (U.S: 1) -> [[3, 5, 0, 4, 1, 7, 2, 6]] 
Generation 294 (1) (U.S: 1) -> [[3, 5, 0, 4, 1, 7, 2, 6]] 
Generation 295 (1) (U.S: 1) -> [[3, 5, 0, 4, 1, 7, 2, 6]] 
Generation 296 (1) (U.S: 1) -> [[3, 5, 0, 4, 1, 7, 2, 6]] 
Generation 297 (1) (U.S: 1) -> [[3, 5, 0, 4, 1, 7, 2, 6]] 
Generation 298 (1) (U.S: 1) -> [[3, 5, 0, 4, 1, 7, 2, 6]] 
Generation 299 (1) (U.S: 1) -> [[3, 5, 0, 4, 1, 7, 2, 6]] 
Generation 300 (1) (U.S: 1) -> [[3, 5, 0, 4, 1, 7, 2, 6]] 
------------------------------------ 
The 1 solutions found are: 
3
5
0
4
1
7
2
6
