Objective Function: Attack 
lengthPopulation: 300 
lengthChromosome: 8 
lengthMatingPool: 200 
generations:  1000 
------------------------------------ 
Selection Method: Tournament 
Reproduction Method: Cross and mutation 
Replacement Selection Method: Weakest Replacement 

Results: 
Generation 145 (1) (U.S: 1) -> [[3, 7, 0, 4, 6, 1, 5, 2]] 
Generation 146 (1) (U.S: 1) -> [[3, 7, 0, 4, 6, 1, 5, 2]] 
Generation 147 (1) (U.S: 1) -> [[3, 7, 0, 4, 6, 1, 5, 2]] 
Generation 148 (1) (U.S: 1) -> [[3, 7, 0, 4, 6, 1, 5, 2]] 
Generation 149 (1) (U.S: 1) -> [[3, 7, 0, 4, 6, 1, 5, 2]] 
Generation 150 (1) (U.S: 1) -> [[3, 7, 0, 4, 6, 1, 5, 2]] 
Generation 151 (1) (U.S: 1) -> [[3, 7, 0, 4, 6, 1, 5, 2]] 
Generation 152 (1) (U.S: 1) -> [[3, 7, 0, 4, 6, 1, 5, 2]] 
Generation 153 (1) (U.S: 1) -> [[3, 7, 0, 4, 6, 1, 5, 2]] 
Generation 154 (1) (U.S: 1) -> [[3, 7, 0, 4, 6, 1, 5, 2]] 
Generation 155 (1) (U.S: 1) -> [[3, 7, 0, 4, 6, 1, 5, 2]] 
Generation 156 (1) (U.S: 1) -> [[3, 7, 0, 4, 6, 1, 5, 2]] 
Generation 157 (1) (U.S: 1) -> [[3, 7, 0, 4, 6, 1, 5, 2]] 
Generation 158 (1) (U.S: 1) -> [[3, 7, 0, 4, 6, 1, 5, 2]] 
Generation 159 (1) (U.S: 1) -> [[3, 7, 0, 4, 6, 1, 5, 2]] 
Generation 160 (1) (U.S: 1) -> [[3, 7, 0, 4, 6, 1, 5, 2]] 
Generation 161 (1) (U.S: 1) -> [[3, 7, 0, 4, 6, 1, 5, 2]] 
Generation 162 (1) (U.S: 1) -> [[3, 7, 0, 4, 6, 1, 5, 2]] 
Generation 163 (1) (U.S: 1) -> [[3, 7, 0, 4, 6, 1, 5, 2]] 
Generation 164 (1) (U.S: 1) -> [[3, 7, 0, 4, 6, 1, 5, 2]] 
Generation 165 (1) (U.S: 1) -> [[3, 7, 0, 4, 6, 1, 5, 2]] 
Generation 166 (1) (U.S: 1) -> [[3, 7, 0, 4, 6, 1, 5, 2]] 
Generation 167 (1) (U.S: 1) -> [[3, 7, 0, 4, 6, 1, 5, 2]] 
Generation 168 (1) (U.S: 1) -> [[3, 7, 0, 4, 6, 1, 5, 2]] 
Generation 169 (1) (U.S: 1) -> [[3, 7, 0, 4, 6, 1, 5, 2]] 
Generation 170 (1) (U.S: 1) -> [[3, 7, 0, 4, 6, 1, 5, 2]] 
Generation 171 (1) (U.S: 1) -> [[3, 7, 0, 4, 6, 1, 5, 2]] 
Generation 172 (1) (U.S: 1) -> [[3, 7, 0, 4, 6, 1, 5, 2]] 
Generation 173 (1) (U.S: 1) -> [[3, 7, 0, 4, 6, 1, 5, 2]] 
Generation 174 (1) (U.S: 1) -> [[3, 7, 0, 4, 6, 1, 5, 2]] 
Generation 175 (1) (U.S: 1) -> [[3, 7, 0, 4, 6, 1, 5, 2]] 
Generation 176 (1) (U.S: 1) -> [[3, 7, 0, 4, 6, 1, 5, 2]] 
Generation 177 (1) (U.S: 1) -> [[3, 7, 0, 4, 6, 1, 5, 2]] 
Generation 178 (1) (U.S: 1) -> [[3, 7, 0, 4, 6, 1, 5, 2]] 
Generation 179 (1) (U.S: 1) -> [[3, 7, 0, 4, 6, 1, 5, 2]] 
Generation 180 (1) (U.S: 1) -> [[3, 7, 0, 4, 6, 1, 5, 2]] 
Generation 181 (1) (U.S: 1) -> [[3, 7, 0, 4, 6, 1, 5, 2]] 
Generation 182 (1) (U.S: 1) -> [[3, 7, 0, 4, 6, 1, 5, 2]] 
Generation 183 (1) (U.S: 1) -> [[3, 7, 0, 4, 6, 1, 5, 2]] 
Generation 184 (1) (U.S: 1) -> [[3, 7, 0, 4, 6, 1, 5, 2]] 
Generation 185 (1) (U.S: 1) -> [[3, 7, 0, 4, 6, 1, 5, 2]] 
Generation 186 (1) (U.S: 1) -> [[3, 7, 0, 4, 6, 1, 5, 2]] 
Generation 187 (1) (U.S: 1) -> [[3, 7, 0, 4, 6, 1, 5, 2]] 
Generation 188 (1) (U.S: 1) -> [[3, 7, 0, 4, 6, 1, 5, 2]] 
Generation 189 (1) (U.S: 1) -> [[3, 7, 0, 4, 6, 1, 5, 2]] 
Generation 190 (1) (U.S: 1) -> [[3, 7, 0, 4, 6, 1, 5, 2]] 
Generation 191 (1) (U.S: 1) -> [[3, 7, 0, 4, 6, 1, 5, 2]] 
Generation 192 (1) (U.S: 1) -> [[3, 7, 0, 4, 6, 1, 5, 2]] 
Generation 193 (1) (U.S: 1) -> [[3, 7, 0, 4, 6, 1, 5, 2]] 
Generation 194 (1) (U.S: 1) -> [[3, 7, 0, 4, 6, 1, 5, 2]] 
Generation 195 (1) (U.S: 1) -> [[3, 7, 0, 4, 6, 1, 5, 2]] 
Generation 196 (1) (U.S: 1) -> [[3, 7, 0, 4, 6, 1, 5, 2]] 
Generation 197 (1) (U.S: 1) -> [[3, 7, 0, 4, 6, 1, 5, 2]] 
Generation 198 (1) (U.S: 1) -> [[3, 7, 0, 4, 6, 1, 5, 2]] 
Generation 199 (1) (U.S: 1) -> [[3, 7, 0, 4, 6, 1, 5, 2]] 
Generation 200 (1) (U.S: 1) -> [[3, 7, 0, 4, 6, 1, 5, 2]] 
Generation 201 (1) (U.S: 1) -> [[3, 7, 0, 4, 6, 1, 5, 2]] 
Generation 202 (1) (U.S: 1) -> [[3, 7, 0, 4, 6, 1, 5, 2]] 
Generation 203 (1) (U.S: 1) -> [[3, 7, 0, 4, 6, 1, 5, 2]] 
Generation 204 (1) (U.S: 1) -> [[3, 7, 0, 4, 6, 1, 5, 2]] 
Generation 205 (1) (U.S: 1) -> [[3, 7, 0, 4, 6, 1, 5, 2]] 
Generation 206 (1) (U.S: 1) -> [[3, 7, 0, 4, 6, 1, 5, 2]] 
Generation 207 (1) (U.S: 1) -> [[3, 7, 0, 4, 6, 1, 5, 2]] 
Generation 208 (1) (U.S: 1) -> [[3, 7, 0, 4, 6, 1, 5, 2]] 
Generation 209 (1) (U.S: 1) -> [[3, 7, 0, 4, 6, 1, 5, 2]] 
Generation 210 (1) (U.S: 1) -> [[3, 7, 0, 4, 6, 1, 5, 2]] 
Generation 211 (1) (U.S: 1) -> [[3, 7, 0, 4, 6, 1, 5, 2]] 
Generation 212 (1) (U.S: 1) -> [[3, 7, 0, 4, 6, 1, 5, 2]] 
Generation 213 (1) (U.S: 1) -> [[3, 7, 0, 4, 6, 1, 5, 2]] 
Generation 214 (1) (U.S: 1) -> [[3, 7, 0, 4, 6, 1, 5, 2]] 
Generation 215 (1) (U.S: 1) -> [[3, 7, 0, 4, 6, 1, 5, 2]] 
Generation 216 (1) (U.S: 1) -> [[3, 7, 0, 4, 6, 1, 5, 2]] 
Generation 217 (1) (U.S: 1) -> [[3, 7, 0, 4, 6, 1, 5, 2]] 
Generation 218 (1) (U.S: 1) -> [[3, 7, 0, 4, 6, 1, 5, 2]] 
Generation 219 (1) (U.S: 1) -> [[3, 7, 0, 4, 6, 1, 5, 2]] 
Generation 220 (1) (U.S: 1) -> [[3, 7, 0, 4, 6, 1, 5, 2]] 
Generation 221 (1) (U.S: 1) -> [[3, 7, 0, 4, 6, 1, 5, 2]] 
Generation 222 (1) (U.S: 1) -> [[3, 7, 0, 4, 6, 1, 5, 2]] 
Generation 223 (1) (U.S: 1) -> [[3, 7, 0, 4, 6, 1, 5, 2]] 
Generation 224 (1) (U.S: 1) -> [[3, 7, 0, 4, 6, 1, 5, 2]] 
Generation 225 (1) (U.S: 1) -> [[3, 7, 0, 4, 6, 1, 5, 2]] 
Generation 226 (1) (U.S: 1) -> [[3, 7, 0, 4, 6, 1, 5, 2]] 
Generation 227 (1) (U.S: 1) -> [[3, 7, 0, 4, 6, 1, 5, 2]] 
Generation 228 (1) (U.S: 1) -> [[3, 7, 0, 4, 6, 1, 5, 2]] 
Generation 229 (1) (U.S: 1) -> [[3, 7, 0, 4, 6, 1, 5, 2]] 
Generation 230 (1) (U.S: 1) -> [[3, 7, 0, 4, 6, 1, 5, 2]] 
Generation 231 (1) (U.S: 1) -> [[3, 7, 0, 4, 6, 1, 5, 2]] 
Generation 232 (1) (U.S: 1) -> [[3, 7, 0, 4, 6, 1, 5, 2]] 
Generation 233 (1) (U.S: 1) -> [[3, 7, 0, 4, 6, 1, 5, 2]] 
Generation 234 (1) (U.S: 1) -> [[3, 7, 0, 4, 6, 1, 5, 2]] 
Generation 235 (1) (U.S: 1) -> [[3, 7, 0, 4, 6, 1, 5, 2]] 
Generation 236 (1) (U.S: 1) -> [[3, 7, 0, 4, 6, 1, 5, 2]] 
Generation 237 (1) (U.S: 1) -> [[3, 7, 0, 4, 6, 1, 5, 2]] 
Generation 238 (1) (U.S: 1) -> [[3, 7, 0, 4, 6, 1, 5, 2]] 
Generation 239 (1) (U.S: 1) -> [[3, 7, 0, 4, 6, 1, 5, 2]] 
Generation 240 (1) (U.S: 1) -> [[3, 7, 0, 4, 6, 1, 5, 2]] 
Generation 241 (1) (U.S: 1) -> [[3, 7, 0, 4, 6, 1, 5, 2]] 
Generation 242 (1) (U.S: 1) -> [[3, 7, 0, 4, 6, 1, 5, 2]] 
Generation 243 (1) (U.S: 1) -> [[3, 7, 0, 4, 6, 1, 5, 2]] 
Generation 244 (1) (U.S: 1) -> [[3, 7, 0, 4, 6, 1, 5, 2]] 
Generation 245 (1) (U.S: 1) -> [[3, 7, 0, 4, 6, 1, 5, 2]] 
Generation 246 (1) (U.S: 1) -> [[3, 7, 0, 4, 6, 1, 5, 2]] 
Generation 247 (1) (U.S: 1) -> [[3, 7, 0, 4, 6, 1, 5, 2]] 
Generation 248 (1) (U.S: 1) -> [[3, 7, 0, 4, 6, 1, 5, 2]] 
Generation 249 (1) (U.S: 1) -> [[3, 7, 0, 4, 6, 1, 5, 2]] 
Generation 250 (1) (U.S: 1) -> [[3, 7, 0, 4, 6, 1, 5, 2]] 
Generation 251 (1) (U.S: 1) -> [[3, 7, 0, 4, 6, 1, 5, 2]] 
Generation 252 (1) (U.S: 1) -> [[3, 7, 0, 4, 6, 1, 5, 2]] 
Generation 253 (1) (U.S: 1) -> [[3, 7, 0, 4, 6, 1, 5, 2]] 
Generation 254 (1) (U.S: 1) -> [[3, 7, 0, 4, 6, 1, 5, 2]] 
Generation 255 (1) (U.S: 1) -> [[3, 7, 0, 4, 6, 1, 5, 2]] 
Generation 256 (1) (U.S: 1) -> [[3, 7, 0, 4, 6, 1, 5, 2]] 
Generation 257 (1) (U.S: 1) -> [[3, 7, 0, 4, 6, 1, 5, 2]] 
Generation 258 (2) (U.S: 2) -> [[3, 7, 0, 4, 6, 1, 5, 2], [4, 2, 7, 3, 6, 0, 5, 1]] 
Generation 259 (2) (U.S: 2) -> [[3, 7, 0, 4, 6, 1, 5, 2], [4, 2, 7, 3, 6, 0, 5, 1]] 
Generation 260 (2) (U.S: 2) -> [[3, 7, 0, 4, 6, 1, 5, 2], [4, 2, 7, 3, 6, 0, 5, 1]] 
Generation 261 (2) (U.S: 2) -> [[3, 7, 0, 4, 6, 1, 5, 2], [4, 2, 7, 3, 6, 0, 5, 1]] 
Generation 262 (2) (U.S: 2) -> [[3, 7, 0, 4, 6, 1, 5, 2], [4, 2, 7, 3, 6, 0, 5, 1]] 
Generation 263 (2) (U.S: 2) -> [[3, 7, 0, 4, 6, 1, 5, 2], [4, 2, 7, 3, 6, 0, 5, 1]] 
Generation 264 (2) (U.S: 2) -> [[3, 7, 0, 4, 6, 1, 5, 2], [4, 2, 7, 3, 6, 0, 5, 1]] 
Generation 265 (2) (U.S: 2) -> [[3, 7, 0, 4, 6, 1, 5, 2], [4, 2, 7, 3, 6, 0, 5, 1]] 
Generation 266 (2) (U.S: 2) -> [[3, 7, 0, 4, 6, 1, 5, 2], [4, 2, 7, 3, 6, 0, 5, 1]] 
Generation 267 (2) (U.S: 2) -> [[3, 7, 0, 4, 6, 1, 5, 2], [4, 2, 7, 3, 6, 0, 5, 1]] 
Generation 268 (2) (U.S: 2) -> [[3, 7, 0, 4, 6, 1, 5, 2], [4, 2, 7, 3, 6, 0, 5, 1]] 
Generation 269 (2) (U.S: 2) -> [[3, 7, 0, 4, 6, 1, 5, 2], [4, 2, 7, 3, 6, 0, 5, 1]] 
Generation 270 (2) (U.S: 2) -> [[3, 7, 0, 4, 6, 1, 5, 2], [4, 2, 7, 3, 6, 0, 5, 1]] 
Generation 271 (2) (U.S: 2) -> [[3, 7, 0, 4, 6, 1, 5, 2], [4, 2, 7, 3, 6, 0, 5, 1]] 
Generation 272 (2) (U.S: 2) -> [[3, 7, 0, 4, 6, 1, 5, 2], [4, 2, 7, 3, 6, 0, 5, 1]] 
Generation 273 (2) (U.S: 2) -> [[3, 7, 0, 4, 6, 1, 5, 2], [4, 2, 7, 3, 6, 0, 5, 1]] 
Generation 274 (2) (U.S: 2) -> [[3, 7, 0, 4, 6, 1, 5, 2], [4, 2, 7, 3, 6, 0, 5, 1]] 
Generation 275 (2) (U.S: 2) -> [[3, 7, 0, 4, 6, 1, 5, 2], [4, 2, 7, 3, 6, 0, 5, 1]] 
Generation 276 (2) (U.S: 2) -> [[3, 7, 0, 4, 6, 1, 5, 2], [4, 2, 7, 3, 6, 0, 5, 1]] 
Generation 277 (2) (U.S: 2) -> [[3, 7, 0, 4, 6, 1, 5, 2], [4, 2, 7, 3, 6, 0, 5, 1]] 
Generation 278 (2) (U.S: 2) -> [[3, 7, 0, 4, 6, 1, 5, 2], [4, 2, 7, 3, 6, 0, 5, 1]] 
Generation 279 (2) (U.S: 2) -> [[3, 7, 0, 4, 6, 1, 5, 2], [4, 2, 7, 3, 6, 0, 5, 1]] 
Generation 280 (2) (U.S: 2) -> [[3, 7, 0, 4, 6, 1, 5, 2], [4, 2, 7, 3, 6, 0, 5, 1]] 
Generation 281 (2) (U.S: 2) -> [[3, 7, 0, 4, 6, 1, 5, 2], [4, 2, 7, 3, 6, 0, 5, 1]] 
Generation 282 (2) (U.S: 2) -> [[3, 7, 0, 4, 6, 1, 5, 2], [4, 2, 7, 3, 6, 0, 5, 1]] 
Generation 283 (2) (U.S: 2) -> [[3, 7, 0, 4, 6, 1, 5, 2], [4, 2, 7, 3, 6, 0, 5, 1]] 
Generation 284 (2) (U.S: 2) -> [[3, 7, 0, 4, 6, 1, 5, 2], [4, 2, 7, 3, 6, 0, 5, 1]] 
Generation 285 (2) (U.S: 2) -> [[3, 7, 0, 4, 6, 1, 5, 2], [4, 2, 7, 3, 6, 0, 5, 1]] 
Generation 286 (2) (U.S: 2) -> [[3, 7, 0, 4, 6, 1, 5, 2], [4, 2, 7, 3, 6, 0, 5, 1]] 
Generation 287 (2) (U.S: 2) -> [[3, 7, 0, 4, 6, 1, 5, 2], [4, 2, 7, 3, 6, 0, 5, 1]] 
Generation 288 (2) (U.S: 2) -> [[3, 7, 0, 4, 6, 1, 5, 2], [4, 2, 7, 3, 6, 0, 5, 1]] 
Generation 289 (2) (U.S: 2) -> [[3, 7, 0, 4, 6, 1, 5, 2], [4, 2, 7, 3, 6, 0, 5, 1]] 
Generation 290 (2) (U.S: 2) -> [[3, 7, 0, 4, 6, 1, 5, 2], [4, 2, 7, 3, 6, 0, 5, 1]] 
Generation 291 (2) (U.S: 2) -> [[3, 7, 0, 4, 6, 1, 5, 2], [4, 2, 7, 3, 6, 0, 5, 1]] 
Generation 292 (2) (U.S: 2) -> [[3, 7, 0, 4, 6, 1, 5, 2], [4, 2, 7, 3, 6, 0, 5, 1]] 
Generation 293 (2) (U.S: 2) -> [[3, 7, 0, 4, 6, 1, 5, 2], [4, 2, 7, 3, 6, 0, 5, 1]] 
Generation 294 (2) (U.S: 2) -> [[3, 7, 0, 4, 6, 1, 5, 2], [4, 2, 7, 3, 6, 0, 5, 1]] 
Generation 295 (2) (U.S: 2) -> [[3, 7, 0, 4, 6, 1, 5, 2], [4, 2, 7, 3, 6, 0, 5, 1]] 
Generation 296 (2) (U.S: 2) -> [[3, 7, 0, 4, 6, 1, 5, 2], [4, 2, 7, 3, 6, 0, 5, 1]] 
Generation 297 (2) (U.S: 2) -> [[3, 7, 0, 4, 6, 1, 5, 2], [4, 2, 7, 3, 6, 0, 5, 1]] 
Generation 298 (2) (U.S: 2) -> [[3, 7, 0, 4, 6, 1, 5, 2], [4, 2, 7, 3, 6, 0, 5, 1]] 
Generation 299 (2) (U.S: 2) -> [[3, 7, 0, 4, 6, 1, 5, 2], [4, 2, 7, 3, 6, 0, 5, 1]] 
Generation 300 (2) (U.S: 2) -> [[3, 7, 0, 4, 6, 1, 5, 2], [4, 2, 7, 3, 6, 0, 5, 1]] 
Generation 301 (2) (U.S: 2) -> [[3, 7, 0, 4, 6, 1, 5, 2], [4, 2, 7, 3, 6, 0, 5, 1]] 
Generation 302 (2) (U.S: 2) -> [[3, 7, 0, 4, 6, 1, 5, 2], [4, 2, 7, 3, 6, 0, 5, 1]] 
Generation 303 (2) (U.S: 2) -> [[3, 7, 0, 4, 6, 1, 5, 2], [4, 2, 7, 3, 6, 0, 5, 1]] 
Generation 304 (2) (U.S: 2) -> [[3, 7, 0, 4, 6, 1, 5, 2], [4, 2, 7, 3, 6, 0, 5, 1]] 
Generation 305 (2) (U.S: 2) -> [[3, 7, 0, 4, 6, 1, 5, 2], [4, 2, 7, 3, 6, 0, 5, 1]] 
Generation 306 (2) (U.S: 2) -> [[3, 7, 0, 4, 6, 1, 5, 2], [4, 2, 7, 3, 6, 0, 5, 1]] 
Generation 307 (2) (U.S: 2) -> [[3, 7, 0, 4, 6, 1, 5, 2], [4, 2, 7, 3, 6, 0, 5, 1]] 
Generation 308 (2) (U.S: 2) -> [[3, 7, 0, 4, 6, 1, 5, 2], [4, 2, 7, 3, 6, 0, 5, 1]] 
Generation 309 (2) (U.S: 2) -> [[3, 7, 0, 4, 6, 1, 5, 2], [4, 2, 7, 3, 6, 0, 5, 1]] 
Generation 310 (2) (U.S: 2) -> [[3, 7, 0, 4, 6, 1, 5, 2], [4, 2, 7, 3, 6, 0, 5, 1]] 
Generation 311 (2) (U.S: 2) -> [[3, 7, 0, 4, 6, 1, 5, 2], [4, 2, 7, 3, 6, 0, 5, 1]] 
Generation 312 (2) (U.S: 2) -> [[3, 7, 0, 4, 6, 1, 5, 2], [4, 2, 7, 3, 6, 0, 5, 1]] 
Generation 313 (2) (U.S: 2) -> [[3, 7, 0, 4, 6, 1, 5, 2], [4, 2, 7, 3, 6, 0, 5, 1]] 
Generation 314 (2) (U.S: 2) -> [[3, 7, 0, 4, 6, 1, 5, 2], [4, 2, 7, 3, 6, 0, 5, 1]] 
Generation 315 (2) (U.S: 2) -> [[3, 7, 0, 4, 6, 1, 5, 2], [4, 2, 7, 3, 6, 0, 5, 1]] 
Generation 316 (2) (U.S: 2) -> [[3, 7, 0, 4, 6, 1, 5, 2], [4, 2, 7, 3, 6, 0, 5, 1]] 
Generation 317 (2) (U.S: 2) -> [[3, 7, 0, 4, 6, 1, 5, 2], [4, 2, 7, 3, 6, 0, 5, 1]] 
Generation 318 (2) (U.S: 2) -> [[3, 7, 0, 4, 6, 1, 5, 2], [4, 2, 7, 3, 6, 0, 5, 1]] 
Generation 319 (2) (U.S: 2) -> [[3, 7, 0, 4, 6, 1, 5, 2], [4, 2, 7, 3, 6, 0, 5, 1]] 
Generation 320 (2) (U.S: 2) -> [[3, 7, 0, 4, 6, 1, 5, 2], [4, 2, 7, 3, 6, 0, 5, 1]] 
Generation 321 (2) (U.S: 2) -> [[3, 7, 0, 4, 6, 1, 5, 2], [4, 2, 7, 3, 6, 0, 5, 1]] 
Generation 322 (2) (U.S: 2) -> [[3, 7, 0, 4, 6, 1, 5, 2], [4, 2, 7, 3, 6, 0, 5, 1]] 
Generation 323 (2) (U.S: 2) -> [[3, 7, 0, 4, 6, 1, 5, 2], [4, 2, 7, 3, 6, 0, 5, 1]] 
Generation 324 (2) (U.S: 2) -> [[3, 7, 0, 4, 6, 1, 5, 2], [4, 2, 7, 3, 6, 0, 5, 1]] 
Generation 325 (2) (U.S: 2) -> [[3, 7, 0, 4, 6, 1, 5, 2], [4, 2, 7, 3, 6, 0, 5, 1]] 
Generation 326 (2) (U.S: 2) -> [[3, 7, 0, 4, 6, 1, 5, 2], [4, 2, 7, 3, 6, 0, 5, 1]] 
Generation 327 (2) (U.S: 2) -> [[3, 7, 0, 4, 6, 1, 5, 2], [4, 2, 7, 3, 6, 0, 5, 1]] 
Generation 328 (2) (U.S: 2) -> [[3, 7, 0, 4, 6, 1, 5, 2], [4, 2, 7, 3, 6, 0, 5, 1]] 
Generation 329 (2) (U.S: 2) -> [[3, 7, 0, 4, 6, 1, 5, 2], [4, 2, 7, 3, 6, 0, 5, 1]] 
Generation 330 (2) (U.S: 2) -> [[3, 7, 0, 4, 6, 1, 5, 2], [4, 2, 7, 3, 6, 0, 5, 1]] 
Generation 331 (2) (U.S: 2) -> [[3, 7, 0, 4, 6, 1, 5, 2], [4, 2, 7, 3, 6, 0, 5, 1]] 
Generation 332 (2) (U.S: 2) -> [[3, 7, 0, 4, 6, 1, 5, 2], [4, 2, 7, 3, 6, 0, 5, 1]] 
Generation 333 (2) (U.S: 2) -> [[3, 7, 0, 4, 6, 1, 5, 2], [4, 2, 7, 3, 6, 0, 5, 1]] 
Generation 334 (2) (U.S: 2) -> [[3, 7, 0, 4, 6, 1, 5, 2], [4, 2, 7, 3, 6, 0, 5, 1]] 
Generation 335 (2) (U.S: 2) -> [[3, 7, 0, 4, 6, 1, 5, 2], [4, 2, 7, 3, 6, 0, 5, 1]] 
Generation 336 (2) (U.S: 2) -> [[3, 7, 0, 4, 6, 1, 5, 2], [4, 2, 7, 3, 6, 0, 5, 1]] 
Generation 337 (2) (U.S: 2) -> [[3, 7, 0, 4, 6, 1, 5, 2], [4, 2, 7, 3, 6, 0, 5, 1]] 
Generation 338 (2) (U.S: 2) -> [[3, 7, 0, 4, 6, 1, 5, 2], [4, 2, 7, 3, 6, 0, 5, 1]] 
Generation 339 (2) (U.S: 2) -> [[3, 7, 0, 4, 6, 1, 5, 2], [4, 2, 7, 3, 6, 0, 5, 1]] 
Generation 340 (2) (U.S: 2) -> [[3, 7, 0, 4, 6, 1, 5, 2], [4, 2, 7, 3, 6, 0, 5, 1]] 
Generation 341 (2) (U.S: 2) -> [[3, 7, 0, 4, 6, 1, 5, 2], [4, 2, 7, 3, 6, 0, 5, 1]] 
Generation 342 (2) (U.S: 2) -> [[3, 7, 0, 4, 6, 1, 5, 2], [4, 2, 7, 3, 6, 0, 5, 1]] 
Generation 343 (2) (U.S: 2) -> [[3, 7, 0, 4, 6, 1, 5, 2], [4, 2, 7, 3, 6, 0, 5, 1]] 
Generation 344 (2) (U.S: 2) -> [[3, 7, 0, 4, 6, 1, 5, 2], [4, 2, 7, 3, 6, 0, 5, 1]] 
Generation 345 (2) (U.S: 2) -> [[3, 7, 0, 4, 6, 1, 5, 2], [4, 2, 7, 3, 6, 0, 5, 1]] 
Generation 346 (2) (U.S: 2) -> [[3, 7, 0, 4, 6, 1, 5, 2], [4, 2, 7, 3, 6, 0, 5, 1]] 
Generation 347 (2) (U.S: 2) -> [[3, 7, 0, 4, 6, 1, 5, 2], [4, 2, 7, 3, 6, 0, 5, 1]] 
Generation 348 (2) (U.S: 2) -> [[3, 7, 0, 4, 6, 1, 5, 2], [4, 2, 7, 3, 6, 0, 5, 1]] 
Generation 349 (2) (U.S: 2) -> [[3, 7, 0, 4, 6, 1, 5, 2], [4, 2, 7, 3, 6, 0, 5, 1]] 
Generation 350 (2) (U.S: 2) -> [[3, 7, 0, 4, 6, 1, 5, 2], [4, 2, 7, 3, 6, 0, 5, 1]] 
Generation 351 (2) (U.S: 2) -> [[3, 7, 0, 4, 6, 1, 5, 2], [4, 2, 7, 3, 6, 0, 5, 1]] 
Generation 352 (2) (U.S: 2) -> [[3, 7, 0, 4, 6, 1, 5, 2], [4, 2, 7, 3, 6, 0, 5, 1]] 
Generation 353 (2) (U.S: 2) -> [[3, 7, 0, 4, 6, 1, 5, 2], [4, 2, 7, 3, 6, 0, 5, 1]] 
Generation 354 (2) (U.S: 2) -> [[3, 7, 0, 4, 6, 1, 5, 2], [4, 2, 7, 3, 6, 0, 5, 1]] 
Generation 355 (2) (U.S: 2) -> [[3, 7, 0, 4, 6, 1, 5, 2], [4, 2, 7, 3, 6, 0, 5, 1]] 
Generation 356 (2) (U.S: 2) -> [[3, 7, 0, 4, 6, 1, 5, 2], [4, 2, 7, 3, 6, 0, 5, 1]] 
Generation 357 (2) (U.S: 2) -> [[3, 7, 0, 4, 6, 1, 5, 2], [4, 2, 7, 3, 6, 0, 5, 1]] 
Generation 358 (2) (U.S: 2) -> [[3, 7, 0, 4, 6, 1, 5, 2], [4, 2, 7, 3, 6, 0, 5, 1]] 
Generation 359 (2) (U.S: 2) -> [[3, 7, 0, 4, 6, 1, 5, 2], [4, 2, 7, 3, 6, 0, 5, 1]] 
Generation 360 (2) (U.S: 2) -> [[3, 7, 0, 4, 6, 1, 5, 2], [4, 2, 7, 3, 6, 0, 5, 1]] 
Generation 361 (2) (U.S: 2) -> [[3, 7, 0, 4, 6, 1, 5, 2], [4, 2, 7, 3, 6, 0, 5, 1]] 
Generation 362 (2) (U.S: 2) -> [[3, 7, 0, 4, 6, 1, 5, 2], [4, 2, 7, 3, 6, 0, 5, 1]] 
Generation 363 (2) (U.S: 2) -> [[3, 7, 0, 4, 6, 1, 5, 2], [4, 2, 7, 3, 6, 0, 5, 1]] 
Generation 364 (2) (U.S: 2) -> [[3, 7, 0, 4, 6, 1, 5, 2], [4, 2, 7, 3, 6, 0, 5, 1]] 
Generation 365 (2) (U.S: 2) -> [[3, 7, 0, 4, 6, 1, 5, 2], [4, 2, 7, 3, 6, 0, 5, 1]] 
Generation 366 (2) (U.S: 2) -> [[3, 7, 0, 4, 6, 1, 5, 2], [4, 2, 7, 3, 6, 0, 5, 1]] 
Generation 367 (2) (U.S: 2) -> [[3, 7, 0, 4, 6, 1, 5, 2], [4, 2, 7, 3, 6, 0, 5, 1]] 
Generation 368 (2) (U.S: 2) -> [[3, 7, 0, 4, 6, 1, 5, 2], [4, 2, 7, 3, 6, 0, 5, 1]] 
Generation 369 (2) (U.S: 2) -> [[3, 7, 0, 4, 6, 1, 5, 2], [4, 2, 7, 3, 6, 0, 5, 1]] 
Generation 370 (2) (U.S: 2) -> [[3, 7, 0, 4, 6, 1, 5, 2], [4, 2, 7, 3, 6, 0, 5, 1]] 
Generation 371 (2) (U.S: 2) -> [[3, 7, 0, 4, 6, 1, 5, 2], [4, 2, 7, 3, 6, 0, 5, 1]] 
Generation 372 (2) (U.S: 2) -> [[3, 7, 0, 4, 6, 1, 5, 2], [4, 2, 7, 3, 6, 0, 5, 1]] 
Generation 373 (2) (U.S: 2) -> [[3, 7, 0, 4, 6, 1, 5, 2], [4, 2, 7, 3, 6, 0, 5, 1]] 
Generation 374 (2) (U.S: 2) -> [[3, 7, 0, 4, 6, 1, 5, 2], [4, 2, 7, 3, 6, 0, 5, 1]] 
Generation 375 (2) (U.S: 2) -> [[3, 7, 0, 4, 6, 1, 5, 2], [4, 2, 7, 3, 6, 0, 5, 1]] 
Generation 376 (2) (U.S: 2) -> [[3, 7, 0, 4, 6, 1, 5, 2], [4, 2, 7, 3, 6, 0, 5, 1]] 
Generation 377 (2) (U.S: 2) -> [[3, 7, 0, 4, 6, 1, 5, 2], [4, 2, 7, 3, 6, 0, 5, 1]] 
Generation 378 (2) (U.S: 2) -> [[3, 7, 0, 4, 6, 1, 5, 2], [4, 2, 7, 3, 6, 0, 5, 1]] 
Generation 379 (2) (U.S: 2) -> [[3, 7, 0, 4, 6, 1, 5, 2], [4, 2, 7, 3, 6, 0, 5, 1]] 
Generation 380 (2) (U.S: 2) -> [[3, 7, 0, 4, 6, 1, 5, 2], [4, 2, 7, 3, 6, 0, 5, 1]] 
Generation 381 (2) (U.S: 2) -> [[3, 7, 0, 4, 6, 1, 5, 2], [4, 2, 7, 3, 6, 0, 5, 1]] 
Generation 382 (2) (U.S: 2) -> [[3, 7, 0, 4, 6, 1, 5, 2], [4, 2, 7, 3, 6, 0, 5, 1]] 
Generation 383 (2) (U.S: 2) -> [[3, 7, 0, 4, 6, 1, 5, 2], [4, 2, 7, 3, 6, 0, 5, 1]] 
Generation 384 (2) (U.S: 2) -> [[3, 7, 0, 4, 6, 1, 5, 2], [4, 2, 7, 3, 6, 0, 5, 1]] 
Generation 385 (2) (U.S: 2) -> [[3, 7, 0, 4, 6, 1, 5, 2], [4, 2, 7, 3, 6, 0, 5, 1]] 
Generation 386 (2) (U.S: 2) -> [[3, 7, 0, 4, 6, 1, 5, 2], [4, 2, 7, 3, 6, 0, 5, 1]] 
Generation 387 (2) (U.S: 2) -> [[3, 7, 0, 4, 6, 1, 5, 2], [4, 2, 7, 3, 6, 0, 5, 1]] 
Generation 388 (2) (U.S: 2) -> [[3, 7, 0, 4, 6, 1, 5, 2], [4, 2, 7, 3, 6, 0, 5, 1]] 
Generation 389 (2) (U.S: 2) -> [[3, 7, 0, 4, 6, 1, 5, 2], [4, 2, 7, 3, 6, 0, 5, 1]] 
Generation 390 (2) (U.S: 2) -> [[3, 7, 0, 4, 6, 1, 5, 2], [4, 2, 7, 3, 6, 0, 5, 1]] 
Generation 391 (2) (U.S: 2) -> [[3, 7, 0, 4, 6, 1, 5, 2], [4, 2, 7, 3, 6, 0, 5, 1]] 
Generation 392 (2) (U.S: 2) -> [[3, 7, 0, 4, 6, 1, 5, 2], [4, 2, 7, 3, 6, 0, 5, 1]] 
Generation 393 (2) (U.S: 2) -> [[3, 7, 0, 4, 6, 1, 5, 2], [4, 2, 7, 3, 6, 0, 5, 1]] 
Generation 394 (2) (U.S: 2) -> [[3, 7, 0, 4, 6, 1, 5, 2], [4, 2, 7, 3, 6, 0, 5, 1]] 
Generation 395 (2) (U.S: 2) -> [[3, 7, 0, 4, 6, 1, 5, 2], [4, 2, 7, 3, 6, 0, 5, 1]] 
Generation 396 (2) (U.S: 2) -> [[3, 7, 0, 4, 6, 1, 5, 2], [4, 2, 7, 3, 6, 0, 5, 1]] 
Generation 397 (2) (U.S: 2) -> [[3, 7, 0, 4, 6, 1, 5, 2], [4, 2, 7, 3, 6, 0, 5, 1]] 
Generation 398 (2) (U.S: 2) -> [[3, 7, 0, 4, 6, 1, 5, 2], [4, 2, 7, 3, 6, 0, 5, 1]] 
Generation 399 (2) (U.S: 2) -> [[3, 7, 0, 4, 6, 1, 5, 2], [4, 2, 7, 3, 6, 0, 5, 1]] 
Generation 400 (2) (U.S: 2) -> [[3, 7, 0, 4, 6, 1, 5, 2], [4, 2, 7, 3, 6, 0, 5, 1]] 
Generation 401 (2) (U.S: 2) -> [[3, 7, 0, 4, 6, 1, 5, 2], [4, 2, 7, 3, 6, 0, 5, 1]] 
Generation 402 (2) (U.S: 2) -> [[3, 7, 0, 4, 6, 1, 5, 2], [4, 2, 7, 3, 6, 0, 5, 1]] 
Generation 403 (2) (U.S: 2) -> [[3, 7, 0, 4, 6, 1, 5, 2], [4, 2, 7, 3, 6, 0, 5, 1]] 
Generation 404 (2) (U.S: 2) -> [[3, 7, 0, 4, 6, 1, 5, 2], [4, 2, 7, 3, 6, 0, 5, 1]] 
Generation 405 (2) (U.S: 2) -> [[3, 7, 0, 4, 6, 1, 5, 2], [4, 2, 7, 3, 6, 0, 5, 1]] 
Generation 406 (2) (U.S: 2) -> [[3, 7, 0, 4, 6, 1, 5, 2], [4, 2, 7, 3, 6, 0, 5, 1]] 
Generation 407 (2) (U.S: 2) -> [[3, 7, 0, 4, 6, 1, 5, 2], [4, 2, 7, 3, 6, 0, 5, 1]] 
Generation 408 (2) (U.S: 2) -> [[3, 7, 0, 4, 6, 1, 5, 2], [4, 2, 7, 3, 6, 0, 5, 1]] 
Generation 409 (2) (U.S: 2) -> [[3, 7, 0, 4, 6, 1, 5, 2], [4, 2, 7, 3, 6, 0, 5, 1]] 
Generation 410 (2) (U.S: 2) -> [[3, 7, 0, 4, 6, 1, 5, 2], [4, 2, 7, 3, 6, 0, 5, 1]] 
Generation 411 (2) (U.S: 2) -> [[3, 7, 0, 4, 6, 1, 5, 2], [4, 2, 7, 3, 6, 0, 5, 1]] 
Generation 412 (2) (U.S: 2) -> [[3, 7, 0, 4, 6, 1, 5, 2], [4, 2, 7, 3, 6, 0, 5, 1]] 
Generation 413 (2) (U.S: 2) -> [[3, 7, 0, 4, 6, 1, 5, 2], [4, 2, 7, 3, 6, 0, 5, 1]] 
Generation 414 (2) (U.S: 2) -> [[3, 7, 0, 4, 6, 1, 5, 2], [4, 2, 7, 3, 6, 0, 5, 1]] 
Generation 415 (2) (U.S: 2) -> [[3, 7, 0, 4, 6, 1, 5, 2], [4, 2, 7, 3, 6, 0, 5, 1]] 
Generation 416 (2) (U.S: 2) -> [[3, 7, 0, 4, 6, 1, 5, 2], [4, 2, 7, 3, 6, 0, 5, 1]] 
Generation 417 (2) (U.S: 2) -> [[3, 7, 0, 4, 6, 1, 5, 2], [4, 2, 7, 3, 6, 0, 5, 1]] 
Generation 418 (2) (U.S: 2) -> [[3, 7, 0, 4, 6, 1, 5, 2], [4, 2, 7, 3, 6, 0, 5, 1]] 
Generation 419 (2) (U.S: 2) -> [[3, 7, 0, 4, 6, 1, 5, 2], [4, 2, 7, 3, 6, 0, 5, 1]] 
Generation 420 (2) (U.S: 2) -> [[3, 7, 0, 4, 6, 1, 5, 2], [4, 2, 7, 3, 6, 0, 5, 1]] 
Generation 421 (2) (U.S: 2) -> [[3, 7, 0, 4, 6, 1, 5, 2], [4, 2, 7, 3, 6, 0, 5, 1]] 
Generation 422 (2) (U.S: 2) -> [[3, 7, 0, 4, 6, 1, 5, 2], [4, 2, 7, 3, 6, 0, 5, 1]] 
Generation 423 (2) (U.S: 2) -> [[3, 7, 0, 4, 6, 1, 5, 2], [4, 2, 7, 3, 6, 0, 5, 1]] 
Generation 424 (2) (U.S: 2) -> [[3, 7, 0, 4, 6, 1, 5, 2], [4, 2, 7, 3, 6, 0, 5, 1]] 
Generation 425 (2) (U.S: 2) -> [[3, 7, 0, 4, 6, 1, 5, 2], [4, 2, 7, 3, 6, 0, 5, 1]] 
Generation 426 (2) (U.S: 2) -> [[3, 7, 0, 4, 6, 1, 5, 2], [4, 2, 7, 3, 6, 0, 5, 1]] 
Generation 427 (2) (U.S: 2) -> [[3, 7, 0, 4, 6, 1, 5, 2], [4, 2, 7, 3, 6, 0, 5, 1]] 
Generation 428 (2) (U.S: 2) -> [[3, 7, 0, 4, 6, 1, 5, 2], [4, 2, 7, 3, 6, 0, 5, 1]] 
Generation 429 (2) (U.S: 2) -> [[3, 7, 0, 4, 6, 1, 5, 2], [4, 2, 7, 3, 6, 0, 5, 1]] 
Generation 430 (2) (U.S: 2) -> [[3, 7, 0, 4, 6, 1, 5, 2], [4, 2, 7, 3, 6, 0, 5, 1]] 
Generation 431 (2) (U.S: 2) -> [[3, 7, 0, 4, 6, 1, 5, 2], [4, 2, 7, 3, 6, 0, 5, 1]] 
Generation 432 (2) (U.S: 2) -> [[3, 7, 0, 4, 6, 1, 5, 2], [4, 2, 7, 3, 6, 0, 5, 1]] 
Generation 433 (2) (U.S: 2) -> [[3, 7, 0, 4, 6, 1, 5, 2], [4, 2, 7, 3, 6, 0, 5, 1]] 
Generation 434 (2) (U.S: 2) -> [[3, 7, 0, 4, 6, 1, 5, 2], [4, 2, 7, 3, 6, 0, 5, 1]] 
Generation 435 (2) (U.S: 2) -> [[3, 7, 0, 4, 6, 1, 5, 2], [4, 2, 7, 3, 6, 0, 5, 1]] 
Generation 436 (2) (U.S: 2) -> [[3, 7, 0, 4, 6, 1, 5, 2], [4, 2, 7, 3, 6, 0, 5, 1]] 
Generation 437 (2) (U.S: 2) -> [[3, 7, 0, 4, 6, 1, 5, 2], [4, 2, 7, 3, 6, 0, 5, 1]] 
Generation 438 (2) (U.S: 2) -> [[3, 7, 0, 4, 6, 1, 5, 2], [4, 2, 7, 3, 6, 0, 5, 1]] 
Generation 439 (2) (U.S: 2) -> [[3, 7, 0, 4, 6, 1, 5, 2], [4, 2, 7, 3, 6, 0, 5, 1]] 
Generation 440 (2) (U.S: 2) -> [[3, 7, 0, 4, 6, 1, 5, 2], [4, 2, 7, 3, 6, 0, 5, 1]] 
Generation 441 (2) (U.S: 2) -> [[3, 7, 0, 4, 6, 1, 5, 2], [4, 2, 7, 3, 6, 0, 5, 1]] 
Generation 442 (2) (U.S: 2) -> [[3, 7, 0, 4, 6, 1, 5, 2], [4, 2, 7, 3, 6, 0, 5, 1]] 
Generation 443 (2) (U.S: 2) -> [[3, 7, 0, 4, 6, 1, 5, 2], [4, 2, 7, 3, 6, 0, 5, 1]] 
Generation 444 (2) (U.S: 2) -> [[3, 7, 0, 4, 6, 1, 5, 2], [4, 2, 7, 3, 6, 0, 5, 1]] 
Generation 445 (2) (U.S: 2) -> [[3, 7, 0, 4, 6, 1, 5, 2], [4, 2, 7, 3, 6, 0, 5, 1]] 
Generation 446 (2) (U.S: 2) -> [[3, 7, 0, 4, 6, 1, 5, 2], [4, 2, 7, 3, 6, 0, 5, 1]] 
Generation 447 (2) (U.S: 2) -> [[3, 7, 0, 4, 6, 1, 5, 2], [4, 2, 7, 3, 6, 0, 5, 1]] 
Generation 448 (2) (U.S: 2) -> [[3, 7, 0, 4, 6, 1, 5, 2], [4, 2, 7, 3, 6, 0, 5, 1]] 
Generation 449 (2) (U.S: 2) -> [[3, 7, 0, 4, 6, 1, 5, 2], [4, 2, 7, 3, 6, 0, 5, 1]] 
Generation 450 (2) (U.S: 2) -> [[3, 7, 0, 4, 6, 1, 5, 2], [4, 2, 7, 3, 6, 0, 5, 1]] 
Generation 451 (2) (U.S: 2) -> [[3, 7, 0, 4, 6, 1, 5, 2], [4, 2, 7, 3, 6, 0, 5, 1]] 
Generation 452 (2) (U.S: 2) -> [[3, 7, 0, 4, 6, 1, 5, 2], [4, 2, 7, 3, 6, 0, 5, 1]] 
Generation 453 (2) (U.S: 2) -> [[3, 7, 0, 4, 6, 1, 5, 2], [4, 2, 7, 3, 6, 0, 5, 1]] 
Generation 454 (2) (U.S: 2) -> [[3, 7, 0, 4, 6, 1, 5, 2], [4, 2, 7, 3, 6, 0, 5, 1]] 
Generation 455 (2) (U.S: 2) -> [[3, 7, 0, 4, 6, 1, 5, 2], [4, 2, 7, 3, 6, 0, 5, 1]] 
Generation 456 (2) (U.S: 2) -> [[3, 7, 0, 4, 6, 1, 5, 2], [4, 2, 7, 3, 6, 0, 5, 1]] 
Generation 457 (2) (U.S: 2) -> [[3, 7, 0, 4, 6, 1, 5, 2], [4, 2, 7, 3, 6, 0, 5, 1]] 
Generation 458 (2) (U.S: 2) -> [[3, 7, 0, 4, 6, 1, 5, 2], [4, 2, 7, 3, 6, 0, 5, 1]] 
Generation 459 (2) (U.S: 2) -> [[3, 7, 0, 4, 6, 1, 5, 2], [4, 2, 7, 3, 6, 0, 5, 1]] 
Generation 460 (2) (U.S: 2) -> [[3, 7, 0, 4, 6, 1, 5, 2], [4, 2, 7, 3, 6, 0, 5, 1]] 
Generation 461 (2) (U.S: 2) -> [[3, 7, 0, 4, 6, 1, 5, 2], [4, 2, 7, 3, 6, 0, 5, 1]] 
Generation 462 (2) (U.S: 2) -> [[3, 7, 0, 4, 6, 1, 5, 2], [4, 2, 7, 3, 6, 0, 5, 1]] 
Generation 463 (2) (U.S: 2) -> [[3, 7, 0, 4, 6, 1, 5, 2], [4, 2, 7, 3, 6, 0, 5, 1]] 
Generation 464 (2) (U.S: 2) -> [[3, 7, 0, 4, 6, 1, 5, 2], [4, 2, 7, 3, 6, 0, 5, 1]] 
Generation 465 (2) (U.S: 2) -> [[3, 7, 0, 4, 6, 1, 5, 2], [4, 2, 7, 3, 6, 0, 5, 1]] 
Generation 466 (2) (U.S: 2) -> [[3, 7, 0, 4, 6, 1, 5, 2], [4, 2, 7, 3, 6, 0, 5, 1]] 
Generation 467 (2) (U.S: 2) -> [[3, 7, 0, 4, 6, 1, 5, 2], [4, 2, 7, 3, 6, 0, 5, 1]] 
Generation 468 (2) (U.S: 2) -> [[3, 7, 0, 4, 6, 1, 5, 2], [4, 2, 7, 3, 6, 0, 5, 1]] 
Generation 469 (2) (U.S: 2) -> [[3, 7, 0, 4, 6, 1, 5, 2], [4, 2, 7, 3, 6, 0, 5, 1]] 
Generation 470 (2) (U.S: 2) -> [[3, 7, 0, 4, 6, 1, 5, 2], [4, 2, 7, 3, 6, 0, 5, 1]] 
Generation 471 (2) (U.S: 2) -> [[3, 7, 0, 4, 6, 1, 5, 2], [4, 2, 7, 3, 6, 0, 5, 1]] 
Generation 472 (2) (U.S: 2) -> [[3, 7, 0, 4, 6, 1, 5, 2], [4, 2, 7, 3, 6, 0, 5, 1]] 
Generation 473 (2) (U.S: 2) -> [[3, 7, 0, 4, 6, 1, 5, 2], [4, 2, 7, 3, 6, 0, 5, 1]] 
Generation 474 (2) (U.S: 2) -> [[3, 7, 0, 4, 6, 1, 5, 2], [4, 2, 7, 3, 6, 0, 5, 1]] 
Generation 475 (2) (U.S: 2) -> [[3, 7, 0, 4, 6, 1, 5, 2], [4, 2, 7, 3, 6, 0, 5, 1]] 
Generation 476 (2) (U.S: 2) -> [[3, 7, 0, 4, 6, 1, 5, 2], [4, 2, 7, 3, 6, 0, 5, 1]] 
Generation 477 (2) (U.S: 2) -> [[3, 7, 0, 4, 6, 1, 5, 2], [4, 2, 7, 3, 6, 0, 5, 1]] 
Generation 478 (2) (U.S: 2) -> [[3, 7, 0, 4, 6, 1, 5, 2], [4, 2, 7, 3, 6, 0, 5, 1]] 
Generation 479 (2) (U.S: 2) -> [[3, 7, 0, 4, 6, 1, 5, 2], [4, 2, 7, 3, 6, 0, 5, 1]] 
Generation 480 (2) (U.S: 2) -> [[3, 7, 0, 4, 6, 1, 5, 2], [4, 2, 7, 3, 6, 0, 5, 1]] 
Generation 481 (2) (U.S: 2) -> [[3, 7, 0, 4, 6, 1, 5, 2], [4, 2, 7, 3, 6, 0, 5, 1]] 
Generation 482 (2) (U.S: 2) -> [[3, 7, 0, 4, 6, 1, 5, 2], [4, 2, 7, 3, 6, 0, 5, 1]] 
Generation 483 (2) (U.S: 2) -> [[3, 7, 0, 4, 6, 1, 5, 2], [4, 2, 7, 3, 6, 0, 5, 1]] 
Generation 484 (2) (U.S: 2) -> [[3, 7, 0, 4, 6, 1, 5, 2], [4, 2, 7, 3, 6, 0, 5, 1]] 
Generation 485 (2) (U.S: 2) -> [[3, 7, 0, 4, 6, 1, 5, 2], [4, 2, 7, 3, 6, 0, 5, 1]] 
Generation 486 (2) (U.S: 2) -> [[3, 7, 0, 4, 6, 1, 5, 2], [4, 2, 7, 3, 6, 0, 5, 1]] 
Generation 487 (2) (U.S: 2) -> [[3, 7, 0, 4, 6, 1, 5, 2], [4, 2, 7, 3, 6, 0, 5, 1]] 
Generation 488 (2) (U.S: 2) -> [[3, 7, 0, 4, 6, 1, 5, 2], [4, 2, 7, 3, 6, 0, 5, 1]] 
Generation 489 (2) (U.S: 2) -> [[3, 7, 0, 4, 6, 1, 5, 2], [4, 2, 7, 3, 6, 0, 5, 1]] 
Generation 490 (2) (U.S: 2) -> [[3, 7, 0, 4, 6, 1, 5, 2], [4, 2, 7, 3, 6, 0, 5, 1]] 
Generation 491 (2) (U.S: 2) -> [[3, 7, 0, 4, 6, 1, 5, 2], [4, 2, 7, 3, 6, 0, 5, 1]] 
Generation 492 (2) (U.S: 2) -> [[3, 7, 0, 4, 6, 1, 5, 2], [4, 2, 7, 3, 6, 0, 5, 1]] 
Generation 493 (2) (U.S: 2) -> [[3, 7, 0, 4, 6, 1, 5, 2], [4, 2, 7, 3, 6, 0, 5, 1]] 
Generation 494 (2) (U.S: 2) -> [[3, 7, 0, 4, 6, 1, 5, 2], [4, 2, 7, 3, 6, 0, 5, 1]] 
Generation 495 (2) (U.S: 2) -> [[3, 7, 0, 4, 6, 1, 5, 2], [4, 2, 7, 3, 6, 0, 5, 1]] 
Generation 496 (2) (U.S: 2) -> [[3, 7, 0, 4, 6, 1, 5, 2], [4, 2, 7, 3, 6, 0, 5, 1]] 
Generation 497 (2) (U.S: 2) -> [[3, 7, 0, 4, 6, 1, 5, 2], [4, 2, 7, 3, 6, 0, 5, 1]] 
Generation 498 (2) (U.S: 2) -> [[3, 7, 0, 4, 6, 1, 5, 2], [4, 2, 7, 3, 6, 0, 5, 1]] 
Generation 499 (2) (U.S: 2) -> [[3, 7, 0, 4, 6, 1, 5, 2], [4, 2, 7, 3, 6, 0, 5, 1]] 
Generation 500 (2) (U.S: 2) -> [[3, 7, 0, 4, 6, 1, 5, 2], [4, 2, 7, 3, 6, 0, 5, 1]] 
Generation 501 (2) (U.S: 2) -> [[3, 7, 0, 4, 6, 1, 5, 2], [4, 2, 7, 3, 6, 0, 5, 1]] 
Generation 502 (2) (U.S: 2) -> [[3, 7, 0, 4, 6, 1, 5, 2], [4, 2, 7, 3, 6, 0, 5, 1]] 
Generation 503 (2) (U.S: 2) -> [[3, 7, 0, 4, 6, 1, 5, 2], [4, 2, 7, 3, 6, 0, 5, 1]] 
Generation 504 (2) (U.S: 2) -> [[3, 7, 0, 4, 6, 1, 5, 2], [4, 2, 7, 3, 6, 0, 5, 1]] 
Generation 505 (2) (U.S: 2) -> [[3, 7, 0, 4, 6, 1, 5, 2], [4, 2, 7, 3, 6, 0, 5, 1]] 
Generation 506 (2) (U.S: 2) -> [[3, 7, 0, 4, 6, 1, 5, 2], [4, 2, 7, 3, 6, 0, 5, 1]] 
Generation 507 (2) (U.S: 2) -> [[3, 7, 0, 4, 6, 1, 5, 2], [4, 2, 7, 3, 6, 0, 5, 1]] 
Generation 508 (2) (U.S: 2) -> [[3, 7, 0, 4, 6, 1, 5, 2], [4, 2, 7, 3, 6, 0, 5, 1]] 
Generation 509 (2) (U.S: 2) -> [[3, 7, 0, 4, 6, 1, 5, 2], [4, 2, 7, 3, 6, 0, 5, 1]] 
Generation 510 (2) (U.S: 2) -> [[3, 7, 0, 4, 6, 1, 5, 2], [4, 2, 7, 3, 6, 0, 5, 1]] 
Generation 511 (2) (U.S: 2) -> [[3, 7, 0, 4, 6, 1, 5, 2], [4, 2, 7, 3, 6, 0, 5, 1]] 
Generation 512 (2) (U.S: 2) -> [[3, 7, 0, 4, 6, 1, 5, 2], [4, 2, 7, 3, 6, 0, 5, 1]] 
Generation 513 (2) (U.S: 2) -> [[3, 7, 0, 4, 6, 1, 5, 2], [4, 2, 7, 3, 6, 0, 5, 1]] 
Generation 514 (2) (U.S: 2) -> [[3, 7, 0, 4, 6, 1, 5, 2], [4, 2, 7, 3, 6, 0, 5, 1]] 
Generation 515 (2) (U.S: 2) -> [[3, 7, 0, 4, 6, 1, 5, 2], [4, 2, 7, 3, 6, 0, 5, 1]] 
Generation 516 (2) (U.S: 2) -> [[3, 7, 0, 4, 6, 1, 5, 2], [4, 2, 7, 3, 6, 0, 5, 1]] 
Generation 517 (2) (U.S: 2) -> [[3, 7, 0, 4, 6, 1, 5, 2], [4, 2, 7, 3, 6, 0, 5, 1]] 
Generation 518 (2) (U.S: 2) -> [[3, 7, 0, 4, 6, 1, 5, 2], [4, 2, 7, 3, 6, 0, 5, 1]] 
Generation 519 (2) (U.S: 2) -> [[3, 7, 0, 4, 6, 1, 5, 2], [4, 2, 7, 3, 6, 0, 5, 1]] 
Generation 520 (2) (U.S: 2) -> [[3, 7, 0, 4, 6, 1, 5, 2], [4, 2, 7, 3, 6, 0, 5, 1]] 
Generation 521 (2) (U.S: 2) -> [[3, 7, 0, 4, 6, 1, 5, 2], [4, 2, 7, 3, 6, 0, 5, 1]] 
Generation 522 (2) (U.S: 2) -> [[3, 7, 0, 4, 6, 1, 5, 2], [4, 2, 7, 3, 6, 0, 5, 1]] 
Generation 523 (2) (U.S: 2) -> [[3, 7, 0, 4, 6, 1, 5, 2], [4, 2, 7, 3, 6, 0, 5, 1]] 
Generation 524 (2) (U.S: 2) -> [[3, 7, 0, 4, 6, 1, 5, 2], [4, 2, 7, 3, 6, 0, 5, 1]] 
Generation 525 (2) (U.S: 2) -> [[3, 7, 0, 4, 6, 1, 5, 2], [4, 2, 7, 3, 6, 0, 5, 1]] 
Generation 526 (2) (U.S: 2) -> [[3, 7, 0, 4, 6, 1, 5, 2], [4, 2, 7, 3, 6, 0, 5, 1]] 
Generation 527 (2) (U.S: 2) -> [[3, 7, 0, 4, 6, 1, 5, 2], [4, 2, 7, 3, 6, 0, 5, 1]] 
Generation 528 (2) (U.S: 2) -> [[3, 7, 0, 4, 6, 1, 5, 2], [4, 2, 7, 3, 6, 0, 5, 1]] 
Generation 529 (2) (U.S: 2) -> [[3, 7, 0, 4, 6, 1, 5, 2], [4, 2, 7, 3, 6, 0, 5, 1]] 
Generation 530 (2) (U.S: 2) -> [[3, 7, 0, 4, 6, 1, 5, 2], [4, 2, 7, 3, 6, 0, 5, 1]] 
Generation 531 (2) (U.S: 2) -> [[3, 7, 0, 4, 6, 1, 5, 2], [4, 2, 7, 3, 6, 0, 5, 1]] 
Generation 532 (2) (U.S: 2) -> [[3, 7, 0, 4, 6, 1, 5, 2], [4, 2, 7, 3, 6, 0, 5, 1]] 
Generation 533 (2) (U.S: 2) -> [[3, 7, 0, 4, 6, 1, 5, 2], [4, 2, 7, 3, 6, 0, 5, 1]] 
Generation 534 (2) (U.S: 2) -> [[3, 7, 0, 4, 6, 1, 5, 2], [4, 2, 7, 3, 6, 0, 5, 1]] 
Generation 535 (2) (U.S: 2) -> [[3, 7, 0, 4, 6, 1, 5, 2], [4, 2, 7, 3, 6, 0, 5, 1]] 
Generation 536 (2) (U.S: 2) -> [[3, 7, 0, 4, 6, 1, 5, 2], [4, 2, 7, 3, 6, 0, 5, 1]] 
Generation 537 (2) (U.S: 2) -> [[3, 7, 0, 4, 6, 1, 5, 2], [4, 2, 7, 3, 6, 0, 5, 1]] 
Generation 538 (2) (U.S: 2) -> [[3, 7, 0, 4, 6, 1, 5, 2], [4, 2, 7, 3, 6, 0, 5, 1]] 
Generation 539 (2) (U.S: 2) -> [[3, 7, 0, 4, 6, 1, 5, 2], [4, 2, 7, 3, 6, 0, 5, 1]] 
Generation 540 (2) (U.S: 2) -> [[3, 7, 0, 4, 6, 1, 5, 2], [4, 2, 7, 3, 6, 0, 5, 1]] 
Generation 541 (2) (U.S: 2) -> [[3, 7, 0, 4, 6, 1, 5, 2], [4, 2, 7, 3, 6, 0, 5, 1]] 
Generation 542 (2) (U.S: 2) -> [[3, 7, 0, 4, 6, 1, 5, 2], [4, 2, 7, 3, 6, 0, 5, 1]] 
Generation 543 (2) (U.S: 2) -> [[3, 7, 0, 4, 6, 1, 5, 2], [4, 2, 7, 3, 6, 0, 5, 1]] 
Generation 544 (2) (U.S: 2) -> [[3, 7, 0, 4, 6, 1, 5, 2], [4, 2, 7, 3, 6, 0, 5, 1]] 
Generation 545 (2) (U.S: 2) -> [[3, 7, 0, 4, 6, 1, 5, 2], [4, 2, 7, 3, 6, 0, 5, 1]] 
Generation 546 (2) (U.S: 2) -> [[3, 7, 0, 4, 6, 1, 5, 2], [4, 2, 7, 3, 6, 0, 5, 1]] 
Generation 547 (2) (U.S: 2) -> [[3, 7, 0, 4, 6, 1, 5, 2], [4, 2, 7, 3, 6, 0, 5, 1]] 
Generation 548 (2) (U.S: 2) -> [[3, 7, 0, 4, 6, 1, 5, 2], [4, 2, 7, 3, 6, 0, 5, 1]] 
Generation 549 (2) (U.S: 2) -> [[3, 7, 0, 4, 6, 1, 5, 2], [4, 2, 7, 3, 6, 0, 5, 1]] 
Generation 550 (2) (U.S: 2) -> [[3, 7, 0, 4, 6, 1, 5, 2], [4, 2, 7, 3, 6, 0, 5, 1]] 
Generation 551 (2) (U.S: 2) -> [[3, 7, 0, 4, 6, 1, 5, 2], [4, 2, 7, 3, 6, 0, 5, 1]] 
Generation 552 (2) (U.S: 2) -> [[3, 7, 0, 4, 6, 1, 5, 2], [4, 2, 7, 3, 6, 0, 5, 1]] 
Generation 553 (2) (U.S: 2) -> [[3, 7, 0, 4, 6, 1, 5, 2], [4, 2, 7, 3, 6, 0, 5, 1]] 
Generation 554 (2) (U.S: 2) -> [[3, 7, 0, 4, 6, 1, 5, 2], [4, 2, 7, 3, 6, 0, 5, 1]] 
Generation 555 (2) (U.S: 2) -> [[3, 7, 0, 4, 6, 1, 5, 2], [4, 2, 7, 3, 6, 0, 5, 1]] 
Generation 556 (2) (U.S: 2) -> [[3, 7, 0, 4, 6, 1, 5, 2], [4, 2, 7, 3, 6, 0, 5, 1]] 
Generation 557 (2) (U.S: 2) -> [[3, 7, 0, 4, 6, 1, 5, 2], [4, 2, 7, 3, 6, 0, 5, 1]] 
Generation 558 (2) (U.S: 2) -> [[3, 7, 0, 4, 6, 1, 5, 2], [4, 2, 7, 3, 6, 0, 5, 1]] 
Generation 559 (2) (U.S: 2) -> [[3, 7, 0, 4, 6, 1, 5, 2], [4, 2, 7, 3, 6, 0, 5, 1]] 
Generation 560 (2) (U.S: 2) -> [[3, 7, 0, 4, 6, 1, 5, 2], [4, 2, 7, 3, 6, 0, 5, 1]] 
Generation 561 (2) (U.S: 2) -> [[3, 7, 0, 4, 6, 1, 5, 2], [4, 2, 7, 3, 6, 0, 5, 1]] 
Generation 562 (2) (U.S: 2) -> [[3, 7, 0, 4, 6, 1, 5, 2], [4, 2, 7, 3, 6, 0, 5, 1]] 
Generation 563 (2) (U.S: 2) -> [[3, 7, 0, 4, 6, 1, 5, 2], [4, 2, 7, 3, 6, 0, 5, 1]] 
Generation 564 (2) (U.S: 2) -> [[3, 7, 0, 4, 6, 1, 5, 2], [4, 2, 7, 3, 6, 0, 5, 1]] 
Generation 565 (2) (U.S: 2) -> [[3, 7, 0, 4, 6, 1, 5, 2], [4, 2, 7, 3, 6, 0, 5, 1]] 
Generation 566 (2) (U.S: 2) -> [[3, 7, 0, 4, 6, 1, 5, 2], [4, 2, 7, 3, 6, 0, 5, 1]] 
Generation 567 (2) (U.S: 2) -> [[3, 7, 0, 4, 6, 1, 5, 2], [4, 2, 7, 3, 6, 0, 5, 1]] 
Generation 568 (2) (U.S: 2) -> [[3, 7, 0, 4, 6, 1, 5, 2], [4, 2, 7, 3, 6, 0, 5, 1]] 
Generation 569 (2) (U.S: 2) -> [[3, 7, 0, 4, 6, 1, 5, 2], [4, 2, 7, 3, 6, 0, 5, 1]] 
Generation 570 (2) (U.S: 2) -> [[3, 7, 0, 4, 6, 1, 5, 2], [4, 2, 7, 3, 6, 0, 5, 1]] 
Generation 571 (2) (U.S: 2) -> [[3, 7, 0, 4, 6, 1, 5, 2], [4, 2, 7, 3, 6, 0, 5, 1]] 
Generation 572 (2) (U.S: 2) -> [[3, 7, 0, 4, 6, 1, 5, 2], [4, 2, 7, 3, 6, 0, 5, 1]] 
Generation 573 (2) (U.S: 2) -> [[3, 7, 0, 4, 6, 1, 5, 2], [4, 2, 7, 3, 6, 0, 5, 1]] 
Generation 574 (2) (U.S: 2) -> [[3, 7, 0, 4, 6, 1, 5, 2], [4, 2, 7, 3, 6, 0, 5, 1]] 
Generation 575 (2) (U.S: 2) -> [[3, 7, 0, 4, 6, 1, 5, 2], [4, 2, 7, 3, 6, 0, 5, 1]] 
Generation 576 (2) (U.S: 2) -> [[3, 7, 0, 4, 6, 1, 5, 2], [4, 2, 7, 3, 6, 0, 5, 1]] 
Generation 577 (2) (U.S: 2) -> [[3, 7, 0, 4, 6, 1, 5, 2], [4, 2, 7, 3, 6, 0, 5, 1]] 
Generation 578 (2) (U.S: 2) -> [[3, 7, 0, 4, 6, 1, 5, 2], [4, 2, 7, 3, 6, 0, 5, 1]] 
Generation 579 (2) (U.S: 2) -> [[3, 7, 0, 4, 6, 1, 5, 2], [4, 2, 7, 3, 6, 0, 5, 1]] 
Generation 580 (2) (U.S: 2) -> [[3, 7, 0, 4, 6, 1, 5, 2], [4, 2, 7, 3, 6, 0, 5, 1]] 
Generation 581 (2) (U.S: 2) -> [[3, 7, 0, 4, 6, 1, 5, 2], [4, 2, 7, 3, 6, 0, 5, 1]] 
Generation 582 (2) (U.S: 2) -> [[3, 7, 0, 4, 6, 1, 5, 2], [4, 2, 7, 3, 6, 0, 5, 1]] 
Generation 583 (2) (U.S: 2) -> [[3, 7, 0, 4, 6, 1, 5, 2], [4, 2, 7, 3, 6, 0, 5, 1]] 
Generation 584 (2) (U.S: 2) -> [[3, 7, 0, 4, 6, 1, 5, 2], [4, 2, 7, 3, 6, 0, 5, 1]] 
Generation 585 (2) (U.S: 2) -> [[3, 7, 0, 4, 6, 1, 5, 2], [4, 2, 7, 3, 6, 0, 5, 1]] 
Generation 586 (2) (U.S: 2) -> [[3, 7, 0, 4, 6, 1, 5, 2], [4, 2, 7, 3, 6, 0, 5, 1]] 
Generation 587 (2) (U.S: 2) -> [[3, 7, 0, 4, 6, 1, 5, 2], [4, 2, 7, 3, 6, 0, 5, 1]] 
Generation 588 (2) (U.S: 2) -> [[3, 7, 0, 4, 6, 1, 5, 2], [4, 2, 7, 3, 6, 0, 5, 1]] 
Generation 589 (2) (U.S: 2) -> [[3, 7, 0, 4, 6, 1, 5, 2], [4, 2, 7, 3, 6, 0, 5, 1]] 
Generation 590 (2) (U.S: 2) -> [[3, 7, 0, 4, 6, 1, 5, 2], [4, 2, 7, 3, 6, 0, 5, 1]] 
Generation 591 (2) (U.S: 2) -> [[3, 7, 0, 4, 6, 1, 5, 2], [4, 2, 7, 3, 6, 0, 5, 1]] 
Generation 592 (2) (U.S: 2) -> [[3, 7, 0, 4, 6, 1, 5, 2], [4, 2, 7, 3, 6, 0, 5, 1]] 
Generation 593 (2) (U.S: 2) -> [[3, 7, 0, 4, 6, 1, 5, 2], [4, 2, 7, 3, 6, 0, 5, 1]] 
Generation 594 (2) (U.S: 2) -> [[3, 7, 0, 4, 6, 1, 5, 2], [4, 2, 7, 3, 6, 0, 5, 1]] 
Generation 595 (2) (U.S: 2) -> [[3, 7, 0, 4, 6, 1, 5, 2], [4, 2, 7, 3, 6, 0, 5, 1]] 
Generation 596 (2) (U.S: 2) -> [[3, 7, 0, 4, 6, 1, 5, 2], [4, 2, 7, 3, 6, 0, 5, 1]] 
Generation 597 (2) (U.S: 2) -> [[3, 7, 0, 4, 6, 1, 5, 2], [4, 2, 7, 3, 6, 0, 5, 1]] 
Generation 598 (2) (U.S: 2) -> [[3, 7, 0, 4, 6, 1, 5, 2], [4, 2, 7, 3, 6, 0, 5, 1]] 
Generation 599 (2) (U.S: 2) -> [[3, 7, 0, 4, 6, 1, 5, 2], [4, 2, 7, 3, 6, 0, 5, 1]] 
Generation 600 (2) (U.S: 2) -> [[3, 7, 0, 4, 6, 1, 5, 2], [4, 2, 7, 3, 6, 0, 5, 1]] 
Generation 601 (2) (U.S: 2) -> [[3, 7, 0, 4, 6, 1, 5, 2], [4, 2, 7, 3, 6, 0, 5, 1]] 
Generation 602 (2) (U.S: 2) -> [[3, 7, 0, 4, 6, 1, 5, 2], [4, 2, 7, 3, 6, 0, 5, 1]] 
Generation 603 (2) (U.S: 2) -> [[3, 7, 0, 4, 6, 1, 5, 2], [4, 2, 7, 3, 6, 0, 5, 1]] 
Generation 604 (2) (U.S: 2) -> [[3, 7, 0, 4, 6, 1, 5, 2], [4, 2, 7, 3, 6, 0, 5, 1]] 
Generation 605 (2) (U.S: 2) -> [[3, 7, 0, 4, 6, 1, 5, 2], [4, 2, 7, 3, 6, 0, 5, 1]] 
Generation 606 (2) (U.S: 2) -> [[3, 7, 0, 4, 6, 1, 5, 2], [4, 2, 7, 3, 6, 0, 5, 1]] 
Generation 607 (2) (U.S: 2) -> [[3, 7, 0, 4, 6, 1, 5, 2], [4, 2, 7, 3, 6, 0, 5, 1]] 
Generation 608 (2) (U.S: 2) -> [[3, 7, 0, 4, 6, 1, 5, 2], [4, 2, 7, 3, 6, 0, 5, 1]] 
Generation 609 (2) (U.S: 2) -> [[3, 7, 0, 4, 6, 1, 5, 2], [4, 2, 7, 3, 6, 0, 5, 1]] 
Generation 610 (2) (U.S: 2) -> [[3, 7, 0, 4, 6, 1, 5, 2], [4, 2, 7, 3, 6, 0, 5, 1]] 
Generation 611 (2) (U.S: 2) -> [[3, 7, 0, 4, 6, 1, 5, 2], [4, 2, 7, 3, 6, 0, 5, 1]] 
Generation 612 (2) (U.S: 2) -> [[3, 7, 0, 4, 6, 1, 5, 2], [4, 2, 7, 3, 6, 0, 5, 1]] 
Generation 613 (2) (U.S: 2) -> [[3, 7, 0, 4, 6, 1, 5, 2], [4, 2, 7, 3, 6, 0, 5, 1]] 
Generation 614 (2) (U.S: 2) -> [[3, 7, 0, 4, 6, 1, 5, 2], [4, 2, 7, 3, 6, 0, 5, 1]] 
Generation 615 (2) (U.S: 2) -> [[3, 7, 0, 4, 6, 1, 5, 2], [4, 2, 7, 3, 6, 0, 5, 1]] 
Generation 616 (2) (U.S: 2) -> [[3, 7, 0, 4, 6, 1, 5, 2], [4, 2, 7, 3, 6, 0, 5, 1]] 
Generation 617 (2) (U.S: 2) -> [[3, 7, 0, 4, 6, 1, 5, 2], [4, 2, 7, 3, 6, 0, 5, 1]] 
Generation 618 (2) (U.S: 2) -> [[3, 7, 0, 4, 6, 1, 5, 2], [4, 2, 7, 3, 6, 0, 5, 1]] 
Generation 619 (2) (U.S: 2) -> [[3, 7, 0, 4, 6, 1, 5, 2], [4, 2, 7, 3, 6, 0, 5, 1]] 
Generation 620 (2) (U.S: 2) -> [[3, 7, 0, 4, 6, 1, 5, 2], [4, 2, 7, 3, 6, 0, 5, 1]] 
Generation 621 (2) (U.S: 2) -> [[3, 7, 0, 4, 6, 1, 5, 2], [4, 2, 7, 3, 6, 0, 5, 1]] 
Generation 622 (2) (U.S: 2) -> [[3, 7, 0, 4, 6, 1, 5, 2], [4, 2, 7, 3, 6, 0, 5, 1]] 
Generation 623 (2) (U.S: 2) -> [[3, 7, 0, 4, 6, 1, 5, 2], [4, 2, 7, 3, 6, 0, 5, 1]] 
Generation 624 (2) (U.S: 2) -> [[3, 7, 0, 4, 6, 1, 5, 2], [4, 2, 7, 3, 6, 0, 5, 1]] 
Generation 625 (2) (U.S: 2) -> [[3, 7, 0, 4, 6, 1, 5, 2], [4, 2, 7, 3, 6, 0, 5, 1]] 
Generation 626 (2) (U.S: 2) -> [[3, 7, 0, 4, 6, 1, 5, 2], [4, 2, 7, 3, 6, 0, 5, 1]] 
Generation 627 (2) (U.S: 2) -> [[3, 7, 0, 4, 6, 1, 5, 2], [4, 2, 7, 3, 6, 0, 5, 1]] 
Generation 628 (2) (U.S: 2) -> [[3, 7, 0, 4, 6, 1, 5, 2], [4, 2, 7, 3, 6, 0, 5, 1]] 
Generation 629 (2) (U.S: 2) -> [[3, 7, 0, 4, 6, 1, 5, 2], [4, 2, 7, 3, 6, 0, 5, 1]] 
Generation 630 (2) (U.S: 2) -> [[3, 7, 0, 4, 6, 1, 5, 2], [4, 2, 7, 3, 6, 0, 5, 1]] 
Generation 631 (2) (U.S: 2) -> [[3, 7, 0, 4, 6, 1, 5, 2], [4, 2, 7, 3, 6, 0, 5, 1]] 
Generation 632 (2) (U.S: 2) -> [[3, 7, 0, 4, 6, 1, 5, 2], [4, 2, 7, 3, 6, 0, 5, 1]] 
Generation 633 (2) (U.S: 2) -> [[3, 7, 0, 4, 6, 1, 5, 2], [4, 2, 7, 3, 6, 0, 5, 1]] 
Generation 634 (2) (U.S: 2) -> [[3, 7, 0, 4, 6, 1, 5, 2], [4, 2, 7, 3, 6, 0, 5, 1]] 
Generation 635 (2) (U.S: 2) -> [[3, 7, 0, 4, 6, 1, 5, 2], [4, 2, 7, 3, 6, 0, 5, 1]] 
Generation 636 (2) (U.S: 2) -> [[3, 7, 0, 4, 6, 1, 5, 2], [4, 2, 7, 3, 6, 0, 5, 1]] 
Generation 637 (2) (U.S: 2) -> [[3, 7, 0, 4, 6, 1, 5, 2], [4, 2, 7, 3, 6, 0, 5, 1]] 
Generation 638 (2) (U.S: 2) -> [[3, 7, 0, 4, 6, 1, 5, 2], [4, 2, 7, 3, 6, 0, 5, 1]] 
Generation 639 (2) (U.S: 2) -> [[3, 7, 0, 4, 6, 1, 5, 2], [4, 2, 7, 3, 6, 0, 5, 1]] 
Generation 640 (2) (U.S: 2) -> [[3, 7, 0, 4, 6, 1, 5, 2], [4, 2, 7, 3, 6, 0, 5, 1]] 
Generation 641 (2) (U.S: 2) -> [[3, 7, 0, 4, 6, 1, 5, 2], [4, 2, 7, 3, 6, 0, 5, 1]] 
Generation 642 (2) (U.S: 2) -> [[3, 7, 0, 4, 6, 1, 5, 2], [4, 2, 7, 3, 6, 0, 5, 1]] 
Generation 643 (2) (U.S: 2) -> [[3, 7, 0, 4, 6, 1, 5, 2], [4, 2, 7, 3, 6, 0, 5, 1]] 
Generation 644 (2) (U.S: 2) -> [[3, 7, 0, 4, 6, 1, 5, 2], [4, 2, 7, 3, 6, 0, 5, 1]] 
Generation 645 (2) (U.S: 2) -> [[3, 7, 0, 4, 6, 1, 5, 2], [4, 2, 7, 3, 6, 0, 5, 1]] 
Generation 646 (2) (U.S: 2) -> [[3, 7, 0, 4, 6, 1, 5, 2], [4, 2, 7, 3, 6, 0, 5, 1]] 
Generation 647 (2) (U.S: 2) -> [[3, 7, 0, 4, 6, 1, 5, 2], [4, 2, 7, 3, 6, 0, 5, 1]] 
Generation 648 (2) (U.S: 2) -> [[3, 7, 0, 4, 6, 1, 5, 2], [4, 2, 7, 3, 6, 0, 5, 1]] 
Generation 649 (2) (U.S: 2) -> [[3, 7, 0, 4, 6, 1, 5, 2], [4, 2, 7, 3, 6, 0, 5, 1]] 
Generation 650 (2) (U.S: 2) -> [[3, 7, 0, 4, 6, 1, 5, 2], [4, 2, 7, 3, 6, 0, 5, 1]] 
Generation 651 (2) (U.S: 2) -> [[3, 7, 0, 4, 6, 1, 5, 2], [4, 2, 7, 3, 6, 0, 5, 1]] 
Generation 652 (2) (U.S: 2) -> [[3, 7, 0, 4, 6, 1, 5, 2], [4, 2, 7, 3, 6, 0, 5, 1]] 
Generation 653 (2) (U.S: 2) -> [[3, 7, 0, 4, 6, 1, 5, 2], [4, 2, 7, 3, 6, 0, 5, 1]] 
Generation 654 (2) (U.S: 2) -> [[3, 7, 0, 4, 6, 1, 5, 2], [4, 2, 7, 3, 6, 0, 5, 1]] 
Generation 655 (2) (U.S: 2) -> [[3, 7, 0, 4, 6, 1, 5, 2], [4, 2, 7, 3, 6, 0, 5, 1]] 
Generation 656 (2) (U.S: 2) -> [[3, 7, 0, 4, 6, 1, 5, 2], [4, 2, 7, 3, 6, 0, 5, 1]] 
Generation 657 (2) (U.S: 2) -> [[3, 7, 0, 4, 6, 1, 5, 2], [4, 2, 7, 3, 6, 0, 5, 1]] 
Generation 658 (2) (U.S: 2) -> [[3, 7, 0, 4, 6, 1, 5, 2], [4, 2, 7, 3, 6, 0, 5, 1]] 
Generation 659 (2) (U.S: 2) -> [[3, 7, 0, 4, 6, 1, 5, 2], [4, 2, 7, 3, 6, 0, 5, 1]] 
Generation 660 (2) (U.S: 2) -> [[3, 7, 0, 4, 6, 1, 5, 2], [4, 2, 7, 3, 6, 0, 5, 1]] 
Generation 661 (2) (U.S: 2) -> [[3, 7, 0, 4, 6, 1, 5, 2], [4, 2, 7, 3, 6, 0, 5, 1]] 
Generation 662 (2) (U.S: 2) -> [[3, 7, 0, 4, 6, 1, 5, 2], [4, 2, 7, 3, 6, 0, 5, 1]] 
Generation 663 (2) (U.S: 2) -> [[3, 7, 0, 4, 6, 1, 5, 2], [4, 2, 7, 3, 6, 0, 5, 1]] 
Generation 664 (2) (U.S: 2) -> [[3, 7, 0, 4, 6, 1, 5, 2], [4, 2, 7, 3, 6, 0, 5, 1]] 
Generation 665 (2) (U.S: 2) -> [[3, 7, 0, 4, 6, 1, 5, 2], [4, 2, 7, 3, 6, 0, 5, 1]] 
Generation 666 (2) (U.S: 2) -> [[3, 7, 0, 4, 6, 1, 5, 2], [4, 2, 7, 3, 6, 0, 5, 1]] 
Generation 667 (2) (U.S: 2) -> [[3, 7, 0, 4, 6, 1, 5, 2], [4, 2, 7, 3, 6, 0, 5, 1]] 
Generation 668 (2) (U.S: 2) -> [[3, 7, 0, 4, 6, 1, 5, 2], [4, 2, 7, 3, 6, 0, 5, 1]] 
Generation 669 (2) (U.S: 2) -> [[3, 7, 0, 4, 6, 1, 5, 2], [4, 2, 7, 3, 6, 0, 5, 1]] 
Generation 670 (2) (U.S: 2) -> [[3, 7, 0, 4, 6, 1, 5, 2], [4, 2, 7, 3, 6, 0, 5, 1]] 
Generation 671 (2) (U.S: 2) -> [[3, 7, 0, 4, 6, 1, 5, 2], [4, 2, 7, 3, 6, 0, 5, 1]] 
Generation 672 (2) (U.S: 2) -> [[3, 7, 0, 4, 6, 1, 5, 2], [4, 2, 7, 3, 6, 0, 5, 1]] 
Generation 673 (2) (U.S: 2) -> [[3, 7, 0, 4, 6, 1, 5, 2], [4, 2, 7, 3, 6, 0, 5, 1]] 
Generation 674 (2) (U.S: 2) -> [[3, 7, 0, 4, 6, 1, 5, 2], [4, 2, 7, 3, 6, 0, 5, 1]] 
Generation 675 (2) (U.S: 2) -> [[3, 7, 0, 4, 6, 1, 5, 2], [4, 2, 7, 3, 6, 0, 5, 1]] 
Generation 676 (2) (U.S: 2) -> [[3, 7, 0, 4, 6, 1, 5, 2], [4, 2, 7, 3, 6, 0, 5, 1]] 
Generation 677 (2) (U.S: 2) -> [[3, 7, 0, 4, 6, 1, 5, 2], [4, 2, 7, 3, 6, 0, 5, 1]] 
Generation 678 (2) (U.S: 2) -> [[3, 7, 0, 4, 6, 1, 5, 2], [4, 2, 7, 3, 6, 0, 5, 1]] 
Generation 679 (2) (U.S: 2) -> [[3, 7, 0, 4, 6, 1, 5, 2], [4, 2, 7, 3, 6, 0, 5, 1]] 
Generation 680 (2) (U.S: 2) -> [[3, 7, 0, 4, 6, 1, 5, 2], [4, 2, 7, 3, 6, 0, 5, 1]] 
Generation 681 (2) (U.S: 2) -> [[3, 7, 0, 4, 6, 1, 5, 2], [4, 2, 7, 3, 6, 0, 5, 1]] 
Generation 682 (2) (U.S: 2) -> [[3, 7, 0, 4, 6, 1, 5, 2], [4, 2, 7, 3, 6, 0, 5, 1]] 
Generation 683 (2) (U.S: 2) -> [[3, 7, 0, 4, 6, 1, 5, 2], [4, 2, 7, 3, 6, 0, 5, 1]] 
Generation 684 (2) (U.S: 2) -> [[3, 7, 0, 4, 6, 1, 5, 2], [4, 2, 7, 3, 6, 0, 5, 1]] 
Generation 685 (2) (U.S: 2) -> [[3, 7, 0, 4, 6, 1, 5, 2], [4, 2, 7, 3, 6, 0, 5, 1]] 
Generation 686 (2) (U.S: 2) -> [[3, 7, 0, 4, 6, 1, 5, 2], [4, 2, 7, 3, 6, 0, 5, 1]] 
Generation 687 (2) (U.S: 2) -> [[3, 7, 0, 4, 6, 1, 5, 2], [4, 2, 7, 3, 6, 0, 5, 1]] 
Generation 688 (2) (U.S: 2) -> [[3, 7, 0, 4, 6, 1, 5, 2], [4, 2, 7, 3, 6, 0, 5, 1]] 
Generation 689 (2) (U.S: 2) -> [[3, 7, 0, 4, 6, 1, 5, 2], [4, 2, 7, 3, 6, 0, 5, 1]] 
Generation 690 (2) (U.S: 2) -> [[3, 7, 0, 4, 6, 1, 5, 2], [4, 2, 7, 3, 6, 0, 5, 1]] 
Generation 691 (2) (U.S: 2) -> [[3, 7, 0, 4, 6, 1, 5, 2], [4, 2, 7, 3, 6, 0, 5, 1]] 
Generation 692 (2) (U.S: 2) -> [[3, 7, 0, 4, 6, 1, 5, 2], [4, 2, 7, 3, 6, 0, 5, 1]] 
Generation 693 (2) (U.S: 2) -> [[3, 7, 0, 4, 6, 1, 5, 2], [4, 2, 7, 3, 6, 0, 5, 1]] 
Generation 694 (2) (U.S: 2) -> [[3, 7, 0, 4, 6, 1, 5, 2], [4, 2, 7, 3, 6, 0, 5, 1]] 
Generation 695 (2) (U.S: 2) -> [[3, 7, 0, 4, 6, 1, 5, 2], [4, 2, 7, 3, 6, 0, 5, 1]] 
Generation 696 (2) (U.S: 2) -> [[3, 7, 0, 4, 6, 1, 5, 2], [4, 2, 7, 3, 6, 0, 5, 1]] 
Generation 697 (2) (U.S: 2) -> [[3, 7, 0, 4, 6, 1, 5, 2], [4, 2, 7, 3, 6, 0, 5, 1]] 
Generation 698 (2) (U.S: 2) -> [[3, 7, 0, 4, 6, 1, 5, 2], [4, 2, 7, 3, 6, 0, 5, 1]] 
Generation 699 (2) (U.S: 2) -> [[3, 7, 0, 4, 6, 1, 5, 2], [4, 2, 7, 3, 6, 0, 5, 1]] 
Generation 700 (2) (U.S: 2) -> [[3, 7, 0, 4, 6, 1, 5, 2], [4, 2, 7, 3, 6, 0, 5, 1]] 
Generation 701 (2) (U.S: 2) -> [[3, 7, 0, 4, 6, 1, 5, 2], [4, 2, 7, 3, 6, 0, 5, 1]] 
Generation 702 (2) (U.S: 2) -> [[3, 7, 0, 4, 6, 1, 5, 2], [4, 2, 7, 3, 6, 0, 5, 1]] 
Generation 703 (2) (U.S: 2) -> [[3, 7, 0, 4, 6, 1, 5, 2], [4, 2, 7, 3, 6, 0, 5, 1]] 
Generation 704 (2) (U.S: 2) -> [[3, 7, 0, 4, 6, 1, 5, 2], [4, 2, 7, 3, 6, 0, 5, 1]] 
Generation 705 (2) (U.S: 2) -> [[3, 7, 0, 4, 6, 1, 5, 2], [4, 2, 7, 3, 6, 0, 5, 1]] 
Generation 706 (2) (U.S: 2) -> [[3, 7, 0, 4, 6, 1, 5, 2], [4, 2, 7, 3, 6, 0, 5, 1]] 
Generation 707 (2) (U.S: 2) -> [[3, 7, 0, 4, 6, 1, 5, 2], [4, 2, 7, 3, 6, 0, 5, 1]] 
Generation 708 (2) (U.S: 2) -> [[3, 7, 0, 4, 6, 1, 5, 2], [4, 2, 7, 3, 6, 0, 5, 1]] 
Generation 709 (2) (U.S: 2) -> [[3, 7, 0, 4, 6, 1, 5, 2], [4, 2, 7, 3, 6, 0, 5, 1]] 
Generation 710 (2) (U.S: 2) -> [[3, 7, 0, 4, 6, 1, 5, 2], [4, 2, 7, 3, 6, 0, 5, 1]] 
Generation 711 (2) (U.S: 2) -> [[3, 7, 0, 4, 6, 1, 5, 2], [4, 2, 7, 3, 6, 0, 5, 1]] 
Generation 712 (2) (U.S: 2) -> [[3, 7, 0, 4, 6, 1, 5, 2], [4, 2, 7, 3, 6, 0, 5, 1]] 
Generation 713 (2) (U.S: 2) -> [[3, 7, 0, 4, 6, 1, 5, 2], [4, 2, 7, 3, 6, 0, 5, 1]] 
Generation 714 (2) (U.S: 2) -> [[3, 7, 0, 4, 6, 1, 5, 2], [4, 2, 7, 3, 6, 0, 5, 1]] 
Generation 715 (2) (U.S: 2) -> [[3, 7, 0, 4, 6, 1, 5, 2], [4, 2, 7, 3, 6, 0, 5, 1]] 
Generation 716 (2) (U.S: 2) -> [[3, 7, 0, 4, 6, 1, 5, 2], [4, 2, 7, 3, 6, 0, 5, 1]] 
Generation 717 (2) (U.S: 2) -> [[3, 7, 0, 4, 6, 1, 5, 2], [4, 2, 7, 3, 6, 0, 5, 1]] 
Generation 718 (2) (U.S: 2) -> [[3, 7, 0, 4, 6, 1, 5, 2], [4, 2, 7, 3, 6, 0, 5, 1]] 
Generation 719 (2) (U.S: 2) -> [[3, 7, 0, 4, 6, 1, 5, 2], [4, 2, 7, 3, 6, 0, 5, 1]] 
Generation 720 (2) (U.S: 2) -> [[3, 7, 0, 4, 6, 1, 5, 2], [4, 2, 7, 3, 6, 0, 5, 1]] 
Generation 721 (2) (U.S: 2) -> [[3, 7, 0, 4, 6, 1, 5, 2], [4, 2, 7, 3, 6, 0, 5, 1]] 
Generation 722 (2) (U.S: 2) -> [[3, 7, 0, 4, 6, 1, 5, 2], [4, 2, 7, 3, 6, 0, 5, 1]] 
Generation 723 (2) (U.S: 2) -> [[3, 7, 0, 4, 6, 1, 5, 2], [4, 2, 7, 3, 6, 0, 5, 1]] 
Generation 724 (2) (U.S: 2) -> [[3, 7, 0, 4, 6, 1, 5, 2], [4, 2, 7, 3, 6, 0, 5, 1]] 
Generation 725 (2) (U.S: 2) -> [[3, 7, 0, 4, 6, 1, 5, 2], [4, 2, 7, 3, 6, 0, 5, 1]] 
Generation 726 (2) (U.S: 2) -> [[3, 7, 0, 4, 6, 1, 5, 2], [4, 2, 7, 3, 6, 0, 5, 1]] 
Generation 727 (2) (U.S: 2) -> [[3, 7, 0, 4, 6, 1, 5, 2], [4, 2, 7, 3, 6, 0, 5, 1]] 
Generation 728 (2) (U.S: 2) -> [[3, 7, 0, 4, 6, 1, 5, 2], [4, 2, 7, 3, 6, 0, 5, 1]] 
Generation 729 (2) (U.S: 2) -> [[3, 7, 0, 4, 6, 1, 5, 2], [4, 2, 7, 3, 6, 0, 5, 1]] 
Generation 730 (2) (U.S: 2) -> [[3, 7, 0, 4, 6, 1, 5, 2], [4, 2, 7, 3, 6, 0, 5, 1]] 
Generation 731 (2) (U.S: 2) -> [[3, 7, 0, 4, 6, 1, 5, 2], [4, 2, 7, 3, 6, 0, 5, 1]] 
Generation 732 (2) (U.S: 2) -> [[3, 7, 0, 4, 6, 1, 5, 2], [4, 2, 7, 3, 6, 0, 5, 1]] 
Generation 733 (2) (U.S: 2) -> [[3, 7, 0, 4, 6, 1, 5, 2], [4, 2, 7, 3, 6, 0, 5, 1]] 
Generation 734 (2) (U.S: 2) -> [[3, 7, 0, 4, 6, 1, 5, 2], [4, 2, 7, 3, 6, 0, 5, 1]] 
Generation 735 (2) (U.S: 2) -> [[3, 7, 0, 4, 6, 1, 5, 2], [4, 2, 7, 3, 6, 0, 5, 1]] 
Generation 736 (2) (U.S: 2) -> [[3, 7, 0, 4, 6, 1, 5, 2], [4, 2, 7, 3, 6, 0, 5, 1]] 
Generation 737 (2) (U.S: 2) -> [[3, 7, 0, 4, 6, 1, 5, 2], [4, 2, 7, 3, 6, 0, 5, 1]] 
Generation 738 (2) (U.S: 2) -> [[3, 7, 0, 4, 6, 1, 5, 2], [4, 2, 7, 3, 6, 0, 5, 1]] 
Generation 739 (2) (U.S: 2) -> [[3, 7, 0, 4, 6, 1, 5, 2], [4, 2, 7, 3, 6, 0, 5, 1]] 
Generation 740 (2) (U.S: 2) -> [[3, 7, 0, 4, 6, 1, 5, 2], [4, 2, 7, 3, 6, 0, 5, 1]] 
Generation 741 (2) (U.S: 2) -> [[3, 7, 0, 4, 6, 1, 5, 2], [4, 2, 7, 3, 6, 0, 5, 1]] 
Generation 742 (2) (U.S: 2) -> [[3, 7, 0, 4, 6, 1, 5, 2], [4, 2, 7, 3, 6, 0, 5, 1]] 
Generation 743 (2) (U.S: 2) -> [[3, 7, 0, 4, 6, 1, 5, 2], [4, 2, 7, 3, 6, 0, 5, 1]] 
Generation 744 (2) (U.S: 2) -> [[3, 7, 0, 4, 6, 1, 5, 2], [4, 2, 7, 3, 6, 0, 5, 1]] 
Generation 745 (2) (U.S: 2) -> [[3, 7, 0, 4, 6, 1, 5, 2], [4, 2, 7, 3, 6, 0, 5, 1]] 
Generation 746 (2) (U.S: 2) -> [[3, 7, 0, 4, 6, 1, 5, 2], [4, 2, 7, 3, 6, 0, 5, 1]] 
Generation 747 (2) (U.S: 2) -> [[3, 7, 0, 4, 6, 1, 5, 2], [4, 2, 7, 3, 6, 0, 5, 1]] 
Generation 748 (2) (U.S: 2) -> [[3, 7, 0, 4, 6, 1, 5, 2], [4, 2, 7, 3, 6, 0, 5, 1]] 
Generation 749 (2) (U.S: 2) -> [[3, 7, 0, 4, 6, 1, 5, 2], [4, 2, 7, 3, 6, 0, 5, 1]] 
Generation 750 (2) (U.S: 2) -> [[3, 7, 0, 4, 6, 1, 5, 2], [4, 2, 7, 3, 6, 0, 5, 1]] 
Generation 751 (2) (U.S: 2) -> [[3, 7, 0, 4, 6, 1, 5, 2], [4, 2, 7, 3, 6, 0, 5, 1]] 
Generation 752 (2) (U.S: 2) -> [[3, 7, 0, 4, 6, 1, 5, 2], [4, 2, 7, 3, 6, 0, 5, 1]] 
Generation 753 (2) (U.S: 2) -> [[3, 7, 0, 4, 6, 1, 5, 2], [4, 2, 7, 3, 6, 0, 5, 1]] 
Generation 754 (2) (U.S: 2) -> [[3, 7, 0, 4, 6, 1, 5, 2], [4, 2, 7, 3, 6, 0, 5, 1]] 
Generation 755 (2) (U.S: 2) -> [[3, 7, 0, 4, 6, 1, 5, 2], [4, 2, 7, 3, 6, 0, 5, 1]] 
Generation 756 (2) (U.S: 2) -> [[3, 7, 0, 4, 6, 1, 5, 2], [4, 2, 7, 3, 6, 0, 5, 1]] 
Generation 757 (2) (U.S: 2) -> [[3, 7, 0, 4, 6, 1, 5, 2], [4, 2, 7, 3, 6, 0, 5, 1]] 
Generation 758 (2) (U.S: 2) -> [[3, 7, 0, 4, 6, 1, 5, 2], [4, 2, 7, 3, 6, 0, 5, 1]] 
Generation 759 (2) (U.S: 2) -> [[3, 7, 0, 4, 6, 1, 5, 2], [4, 2, 7, 3, 6, 0, 5, 1]] 
Generation 760 (2) (U.S: 2) -> [[3, 7, 0, 4, 6, 1, 5, 2], [4, 2, 7, 3, 6, 0, 5, 1]] 
Generation 761 (2) (U.S: 2) -> [[3, 7, 0, 4, 6, 1, 5, 2], [4, 2, 7, 3, 6, 0, 5, 1]] 
Generation 762 (2) (U.S: 2) -> [[3, 7, 0, 4, 6, 1, 5, 2], [4, 2, 7, 3, 6, 0, 5, 1]] 
Generation 763 (2) (U.S: 2) -> [[3, 7, 0, 4, 6, 1, 5, 2], [4, 2, 7, 3, 6, 0, 5, 1]] 
Generation 764 (2) (U.S: 2) -> [[3, 7, 0, 4, 6, 1, 5, 2], [4, 2, 7, 3, 6, 0, 5, 1]] 
Generation 765 (2) (U.S: 2) -> [[3, 7, 0, 4, 6, 1, 5, 2], [4, 2, 7, 3, 6, 0, 5, 1]] 
Generation 766 (2) (U.S: 2) -> [[3, 7, 0, 4, 6, 1, 5, 2], [4, 2, 7, 3, 6, 0, 5, 1]] 
Generation 767 (2) (U.S: 2) -> [[3, 7, 0, 4, 6, 1, 5, 2], [4, 2, 7, 3, 6, 0, 5, 1]] 
Generation 768 (2) (U.S: 2) -> [[3, 7, 0, 4, 6, 1, 5, 2], [4, 2, 7, 3, 6, 0, 5, 1]] 
Generation 769 (2) (U.S: 2) -> [[3, 7, 0, 4, 6, 1, 5, 2], [4, 2, 7, 3, 6, 0, 5, 1]] 
Generation 770 (2) (U.S: 2) -> [[3, 7, 0, 4, 6, 1, 5, 2], [4, 2, 7, 3, 6, 0, 5, 1]] 
Generation 771 (2) (U.S: 2) -> [[3, 7, 0, 4, 6, 1, 5, 2], [4, 2, 7, 3, 6, 0, 5, 1]] 
Generation 772 (2) (U.S: 2) -> [[3, 7, 0, 4, 6, 1, 5, 2], [4, 2, 7, 3, 6, 0, 5, 1]] 
Generation 773 (2) (U.S: 2) -> [[3, 7, 0, 4, 6, 1, 5, 2], [4, 2, 7, 3, 6, 0, 5, 1]] 
Generation 774 (2) (U.S: 2) -> [[3, 7, 0, 4, 6, 1, 5, 2], [4, 2, 7, 3, 6, 0, 5, 1]] 
Generation 775 (2) (U.S: 2) -> [[3, 7, 0, 4, 6, 1, 5, 2], [4, 2, 7, 3, 6, 0, 5, 1]] 
Generation 776 (2) (U.S: 2) -> [[3, 7, 0, 4, 6, 1, 5, 2], [4, 2, 7, 3, 6, 0, 5, 1]] 
Generation 777 (2) (U.S: 2) -> [[3, 7, 0, 4, 6, 1, 5, 2], [4, 2, 7, 3, 6, 0, 5, 1]] 
Generation 778 (2) (U.S: 2) -> [[3, 7, 0, 4, 6, 1, 5, 2], [4, 2, 7, 3, 6, 0, 5, 1]] 
Generation 779 (2) (U.S: 2) -> [[3, 7, 0, 4, 6, 1, 5, 2], [4, 2, 7, 3, 6, 0, 5, 1]] 
Generation 780 (2) (U.S: 2) -> [[3, 7, 0, 4, 6, 1, 5, 2], [4, 2, 7, 3, 6, 0, 5, 1]] 
Generation 781 (2) (U.S: 2) -> [[3, 7, 0, 4, 6, 1, 5, 2], [4, 2, 7, 3, 6, 0, 5, 1]] 
Generation 782 (2) (U.S: 2) -> [[3, 7, 0, 4, 6, 1, 5, 2], [4, 2, 7, 3, 6, 0, 5, 1]] 
Generation 783 (2) (U.S: 2) -> [[3, 7, 0, 4, 6, 1, 5, 2], [4, 2, 7, 3, 6, 0, 5, 1]] 
Generation 784 (2) (U.S: 2) -> [[3, 7, 0, 4, 6, 1, 5, 2], [4, 2, 7, 3, 6, 0, 5, 1]] 
Generation 785 (2) (U.S: 2) -> [[3, 7, 0, 4, 6, 1, 5, 2], [4, 2, 7, 3, 6, 0, 5, 1]] 
Generation 786 (2) (U.S: 2) -> [[3, 7, 0, 4, 6, 1, 5, 2], [4, 2, 7, 3, 6, 0, 5, 1]] 
Generation 787 (2) (U.S: 2) -> [[3, 7, 0, 4, 6, 1, 5, 2], [4, 2, 7, 3, 6, 0, 5, 1]] 
Generation 788 (2) (U.S: 2) -> [[3, 7, 0, 4, 6, 1, 5, 2], [4, 2, 7, 3, 6, 0, 5, 1]] 
Generation 789 (2) (U.S: 2) -> [[3, 7, 0, 4, 6, 1, 5, 2], [4, 2, 7, 3, 6, 0, 5, 1]] 
Generation 790 (2) (U.S: 2) -> [[3, 7, 0, 4, 6, 1, 5, 2], [4, 2, 7, 3, 6, 0, 5, 1]] 
Generation 791 (2) (U.S: 2) -> [[3, 7, 0, 4, 6, 1, 5, 2], [4, 2, 7, 3, 6, 0, 5, 1]] 
Generation 792 (3) (U.S: 3) -> [[3, 7, 0, 4, 6, 1, 5, 2], [4, 7, 3, 0, 6, 1, 5, 2], [4, 2, 7, 3, 6, 0, 5, 1]] 
Generation 793 (3) (U.S: 3) -> [[3, 7, 0, 4, 6, 1, 5, 2], [4, 7, 3, 0, 6, 1, 5, 2], [4, 2, 7, 3, 6, 0, 5, 1]] 
Generation 794 (3) (U.S: 3) -> [[3, 7, 0, 4, 6, 1, 5, 2], [4, 7, 3, 0, 6, 1, 5, 2], [4, 2, 7, 3, 6, 0, 5, 1]] 
Generation 795 (3) (U.S: 3) -> [[3, 7, 0, 4, 6, 1, 5, 2], [4, 7, 3, 0, 6, 1, 5, 2], [4, 2, 7, 3, 6, 0, 5, 1]] 
Generation 796 (3) (U.S: 3) -> [[3, 7, 0, 4, 6, 1, 5, 2], [4, 7, 3, 0, 6, 1, 5, 2], [4, 2, 7, 3, 6, 0, 5, 1]] 
Generation 797 (3) (U.S: 3) -> [[3, 7, 0, 4, 6, 1, 5, 2], [4, 7, 3, 0, 6, 1, 5, 2], [4, 2, 7, 3, 6, 0, 5, 1]] 
Generation 798 (3) (U.S: 3) -> [[3, 7, 0, 4, 6, 1, 5, 2], [4, 7, 3, 0, 6, 1, 5, 2], [4, 2, 7, 3, 6, 0, 5, 1]] 
Generation 799 (3) (U.S: 3) -> [[3, 7, 0, 4, 6, 1, 5, 2], [4, 7, 3, 0, 6, 1, 5, 2], [4, 2, 7, 3, 6, 0, 5, 1]] 
Generation 800 (3) (U.S: 3) -> [[3, 7, 0, 4, 6, 1, 5, 2], [4, 7, 3, 0, 6, 1, 5, 2], [4, 2, 7, 3, 6, 0, 5, 1]] 
Generation 801 (3) (U.S: 3) -> [[3, 7, 0, 4, 6, 1, 5, 2], [4, 7, 3, 0, 6, 1, 5, 2], [4, 2, 7, 3, 6, 0, 5, 1]] 
Generation 802 (3) (U.S: 3) -> [[3, 7, 0, 4, 6, 1, 5, 2], [4, 7, 3, 0, 6, 1, 5, 2], [4, 2, 7, 3, 6, 0, 5, 1]] 
Generation 803 (3) (U.S: 3) -> [[3, 7, 0, 4, 6, 1, 5, 2], [4, 7, 3, 0, 6, 1, 5, 2], [4, 2, 7, 3, 6, 0, 5, 1]] 
Generation 804 (3) (U.S: 3) -> [[3, 7, 0, 4, 6, 1, 5, 2], [4, 7, 3, 0, 6, 1, 5, 2], [4, 2, 7, 3, 6, 0, 5, 1]] 
Generation 805 (3) (U.S: 3) -> [[3, 7, 0, 4, 6, 1, 5, 2], [4, 7, 3, 0, 6, 1, 5, 2], [4, 2, 7, 3, 6, 0, 5, 1]] 
Generation 806 (3) (U.S: 3) -> [[3, 7, 0, 4, 6, 1, 5, 2], [4, 7, 3, 0, 6, 1, 5, 2], [4, 2, 7, 3, 6, 0, 5, 1]] 
Generation 807 (3) (U.S: 3) -> [[3, 7, 0, 4, 6, 1, 5, 2], [4, 7, 3, 0, 6, 1, 5, 2], [4, 2, 7, 3, 6, 0, 5, 1]] 
Generation 808 (3) (U.S: 3) -> [[3, 7, 0, 4, 6, 1, 5, 2], [4, 7, 3, 0, 6, 1, 5, 2], [4, 2, 7, 3, 6, 0, 5, 1]] 
Generation 809 (3) (U.S: 3) -> [[3, 7, 0, 4, 6, 1, 5, 2], [4, 7, 3, 0, 6, 1, 5, 2], [4, 2, 7, 3, 6, 0, 5, 1]] 
Generation 810 (3) (U.S: 3) -> [[3, 7, 0, 4, 6, 1, 5, 2], [4, 7, 3, 0, 6, 1, 5, 2], [4, 2, 7, 3, 6, 0, 5, 1]] 
Generation 811 (3) (U.S: 3) -> [[3, 7, 0, 4, 6, 1, 5, 2], [4, 7, 3, 0, 6, 1, 5, 2], [4, 2, 7, 3, 6, 0, 5, 1]] 
Generation 812 (3) (U.S: 3) -> [[3, 7, 0, 4, 6, 1, 5, 2], [4, 7, 3, 0, 6, 1, 5, 2], [4, 2, 7, 3, 6, 0, 5, 1]] 
Generation 813 (3) (U.S: 3) -> [[3, 7, 0, 4, 6, 1, 5, 2], [4, 7, 3, 0, 6, 1, 5, 2], [4, 2, 7, 3, 6, 0, 5, 1]] 
Generation 814 (3) (U.S: 3) -> [[3, 7, 0, 4, 6, 1, 5, 2], [4, 7, 3, 0, 6, 1, 5, 2], [4, 2, 7, 3, 6, 0, 5, 1]] 
Generation 815 (3) (U.S: 3) -> [[3, 7, 0, 4, 6, 1, 5, 2], [4, 7, 3, 0, 6, 1, 5, 2], [4, 2, 7, 3, 6, 0, 5, 1]] 
Generation 816 (3) (U.S: 3) -> [[3, 7, 0, 4, 6, 1, 5, 2], [4, 7, 3, 0, 6, 1, 5, 2], [4, 2, 7, 3, 6, 0, 5, 1]] 
Generation 817 (3) (U.S: 3) -> [[3, 7, 0, 4, 6, 1, 5, 2], [4, 7, 3, 0, 6, 1, 5, 2], [4, 2, 7, 3, 6, 0, 5, 1]] 
Generation 818 (3) (U.S: 3) -> [[3, 7, 0, 4, 6, 1, 5, 2], [4, 7, 3, 0, 6, 1, 5, 2], [4, 2, 7, 3, 6, 0, 5, 1]] 
Generation 819 (3) (U.S: 3) -> [[3, 7, 0, 4, 6, 1, 5, 2], [4, 7, 3, 0, 6, 1, 5, 2], [4, 2, 7, 3, 6, 0, 5, 1]] 
Generation 820 (3) (U.S: 3) -> [[3, 7, 0, 4, 6, 1, 5, 2], [4, 7, 3, 0, 6, 1, 5, 2], [4, 2, 7, 3, 6, 0, 5, 1]] 
Generation 821 (3) (U.S: 3) -> [[3, 7, 0, 4, 6, 1, 5, 2], [4, 7, 3, 0, 6, 1, 5, 2], [4, 2, 7, 3, 6, 0, 5, 1]] 
Generation 822 (3) (U.S: 3) -> [[3, 7, 0, 4, 6, 1, 5, 2], [4, 7, 3, 0, 6, 1, 5, 2], [4, 2, 7, 3, 6, 0, 5, 1]] 
Generation 823 (3) (U.S: 3) -> [[3, 7, 0, 4, 6, 1, 5, 2], [4, 7, 3, 0, 6, 1, 5, 2], [4, 2, 7, 3, 6, 0, 5, 1]] 
Generation 824 (3) (U.S: 3) -> [[3, 7, 0, 4, 6, 1, 5, 2], [4, 7, 3, 0, 6, 1, 5, 2], [4, 2, 7, 3, 6, 0, 5, 1]] 
Generation 825 (3) (U.S: 3) -> [[3, 7, 0, 4, 6, 1, 5, 2], [4, 7, 3, 0, 6, 1, 5, 2], [4, 2, 7, 3, 6, 0, 5, 1]] 
Generation 826 (4) (U.S: 3) -> [[3, 7, 0, 4, 6, 1, 5, 2], [4, 7, 3, 0, 6, 1, 5, 2], [4, 7, 3, 0, 6, 1, 5, 2], [4, 2, 7, 3, 6, 0, 5, 1]] 
Generation 827 (4) (U.S: 3) -> [[3, 7, 0, 4, 6, 1, 5, 2], [4, 7, 3, 0, 6, 1, 5, 2], [4, 7, 3, 0, 6, 1, 5, 2], [4, 2, 7, 3, 6, 0, 5, 1]] 
Generation 828 (4) (U.S: 3) -> [[3, 7, 0, 4, 6, 1, 5, 2], [4, 7, 3, 0, 6, 1, 5, 2], [4, 7, 3, 0, 6, 1, 5, 2], [4, 2, 7, 3, 6, 0, 5, 1]] 
Generation 829 (4) (U.S: 3) -> [[3, 7, 0, 4, 6, 1, 5, 2], [4, 7, 3, 0, 6, 1, 5, 2], [4, 7, 3, 0, 6, 1, 5, 2], [4, 2, 7, 3, 6, 0, 5, 1]] 
Generation 830 (4) (U.S: 3) -> [[3, 7, 0, 4, 6, 1, 5, 2], [4, 7, 3, 0, 6, 1, 5, 2], [4, 7, 3, 0, 6, 1, 5, 2], [4, 2, 7, 3, 6, 0, 5, 1]] 
Generation 831 (4) (U.S: 3) -> [[3, 7, 0, 4, 6, 1, 5, 2], [4, 7, 3, 0, 6, 1, 5, 2], [4, 7, 3, 0, 6, 1, 5, 2], [4, 2, 7, 3, 6, 0, 5, 1]] 
Generation 832 (4) (U.S: 3) -> [[3, 7, 0, 4, 6, 1, 5, 2], [4, 7, 3, 0, 6, 1, 5, 2], [4, 7, 3, 0, 6, 1, 5, 2], [4, 2, 7, 3, 6, 0, 5, 1]] 
Generation 833 (4) (U.S: 3) -> [[3, 7, 0, 4, 6, 1, 5, 2], [4, 7, 3, 0, 6, 1, 5, 2], [4, 7, 3, 0, 6, 1, 5, 2], [4, 2, 7, 3, 6, 0, 5, 1]] 
Generation 834 (4) (U.S: 3) -> [[3, 7, 0, 4, 6, 1, 5, 2], [4, 7, 3, 0, 6, 1, 5, 2], [4, 7, 3, 0, 6, 1, 5, 2], [4, 2, 7, 3, 6, 0, 5, 1]] 
Generation 835 (4) (U.S: 3) -> [[3, 7, 0, 4, 6, 1, 5, 2], [4, 7, 3, 0, 6, 1, 5, 2], [4, 7, 3, 0, 6, 1, 5, 2], [4, 2, 7, 3, 6, 0, 5, 1]] 
Generation 836 (4) (U.S: 3) -> [[3, 7, 0, 4, 6, 1, 5, 2], [4, 7, 3, 0, 6, 1, 5, 2], [4, 7, 3, 0, 6, 1, 5, 2], [4, 2, 7, 3, 6, 0, 5, 1]] 
Generation 837 (5) (U.S: 3) -> [[3, 7, 0, 4, 6, 1, 5, 2], [4, 7, 3, 0, 6, 1, 5, 2], [4, 7, 3, 0, 6, 1, 5, 2], [4, 7, 3, 0, 6, 1, 5, 2], [4, 2, 7, 3, 6, 0, 5, 1]] 
Generation 838 (5) (U.S: 3) -> [[3, 7, 0, 4, 6, 1, 5, 2], [4, 7, 3, 0, 6, 1, 5, 2], [4, 7, 3, 0, 6, 1, 5, 2], [4, 7, 3, 0, 6, 1, 5, 2], [4, 2, 7, 3, 6, 0, 5, 1]] 
Generation 839 (5) (U.S: 3) -> [[3, 7, 0, 4, 6, 1, 5, 2], [4, 7, 3, 0, 6, 1, 5, 2], [4, 7, 3, 0, 6, 1, 5, 2], [4, 7, 3, 0, 6, 1, 5, 2], [4, 2, 7, 3, 6, 0, 5, 1]] 
Generation 840 (5) (U.S: 3) -> [[3, 7, 0, 4, 6, 1, 5, 2], [4, 7, 3, 0, 6, 1, 5, 2], [4, 7, 3, 0, 6, 1, 5, 2], [4, 7, 3, 0, 6, 1, 5, 2], [4, 2, 7, 3, 6, 0, 5, 1]] 
Generation 841 (5) (U.S: 3) -> [[3, 7, 0, 4, 6, 1, 5, 2], [4, 7, 3, 0, 6, 1, 5, 2], [4, 7, 3, 0, 6, 1, 5, 2], [4, 7, 3, 0, 6, 1, 5, 2], [4, 2, 7, 3, 6, 0, 5, 1]] 
Generation 842 (5) (U.S: 3) -> [[3, 7, 0, 4, 6, 1, 5, 2], [4, 7, 3, 0, 6, 1, 5, 2], [4, 7, 3, 0, 6, 1, 5, 2], [4, 7, 3, 0, 6, 1, 5, 2], [4, 2, 7, 3, 6, 0, 5, 1]] 
Generation 843 (5) (U.S: 3) -> [[3, 7, 0, 4, 6, 1, 5, 2], [4, 7, 3, 0, 6, 1, 5, 2], [4, 7, 3, 0, 6, 1, 5, 2], [4, 7, 3, 0, 6, 1, 5, 2], [4, 2, 7, 3, 6, 0, 5, 1]] 
Generation 844 (5) (U.S: 3) -> [[3, 7, 0, 4, 6, 1, 5, 2], [4, 7, 3, 0, 6, 1, 5, 2], [4, 7, 3, 0, 6, 1, 5, 2], [4, 7, 3, 0, 6, 1, 5, 2], [4, 2, 7, 3, 6, 0, 5, 1]] 
Generation 845 (5) (U.S: 3) -> [[3, 7, 0, 4, 6, 1, 5, 2], [4, 7, 3, 0, 6, 1, 5, 2], [4, 7, 3, 0, 6, 1, 5, 2], [4, 7, 3, 0, 6, 1, 5, 2], [4, 2, 7, 3, 6, 0, 5, 1]] 
Generation 846 (5) (U.S: 3) -> [[3, 7, 0, 4, 6, 1, 5, 2], [4, 7, 3, 0, 6, 1, 5, 2], [4, 7, 3, 0, 6, 1, 5, 2], [4, 7, 3, 0, 6, 1, 5, 2], [4, 2, 7, 3, 6, 0, 5, 1]] 
Generation 847 (5) (U.S: 3) -> [[3, 7, 0, 4, 6, 1, 5, 2], [4, 7, 3, 0, 6, 1, 5, 2], [4, 7, 3, 0, 6, 1, 5, 2], [4, 7, 3, 0, 6, 1, 5, 2], [4, 2, 7, 3, 6, 0, 5, 1]] 
Generation 848 (5) (U.S: 3) -> [[3, 7, 0, 4, 6, 1, 5, 2], [4, 7, 3, 0, 6, 1, 5, 2], [4, 7, 3, 0, 6, 1, 5, 2], [4, 7, 3, 0, 6, 1, 5, 2], [4, 2, 7, 3, 6, 0, 5, 1]] 
Generation 849 (5) (U.S: 3) -> [[3, 7, 0, 4, 6, 1, 5, 2], [4, 7, 3, 0, 6, 1, 5, 2], [4, 7, 3, 0, 6, 1, 5, 2], [4, 7, 3, 0, 6, 1, 5, 2], [4, 2, 7, 3, 6, 0, 5, 1]] 
Generation 850 (5) (U.S: 3) -> [[3, 7, 0, 4, 6, 1, 5, 2], [4, 7, 3, 0, 6, 1, 5, 2], [4, 7, 3, 0, 6, 1, 5, 2], [4, 7, 3, 0, 6, 1, 5, 2], [4, 2, 7, 3, 6, 0, 5, 1]] 
Generation 851 (5) (U.S: 3) -> [[3, 7, 0, 4, 6, 1, 5, 2], [4, 7, 3, 0, 6, 1, 5, 2], [4, 7, 3, 0, 6, 1, 5, 2], [4, 7, 3, 0, 6, 1, 5, 2], [4, 2, 7, 3, 6, 0, 5, 1]] 
Generation 852 (5) (U.S: 3) -> [[3, 7, 0, 4, 6, 1, 5, 2], [4, 7, 3, 0, 6, 1, 5, 2], [4, 7, 3, 0, 6, 1, 5, 2], [4, 7, 3, 0, 6, 1, 5, 2], [4, 2, 7, 3, 6, 0, 5, 1]] 
Generation 853 (5) (U.S: 3) -> [[3, 7, 0, 4, 6, 1, 5, 2], [4, 7, 3, 0, 6, 1, 5, 2], [4, 7, 3, 0, 6, 1, 5, 2], [4, 7, 3, 0, 6, 1, 5, 2], [4, 2, 7, 3, 6, 0, 5, 1]] 
Generation 854 (5) (U.S: 3) -> [[3, 7, 0, 4, 6, 1, 5, 2], [4, 7, 3, 0, 6, 1, 5, 2], [4, 7, 3, 0, 6, 1, 5, 2], [4, 7, 3, 0, 6, 1, 5, 2], [4, 2, 7, 3, 6, 0, 5, 1]] 
Generation 855 (5) (U.S: 3) -> [[3, 7, 0, 4, 6, 1, 5, 2], [4, 7, 3, 0, 6, 1, 5, 2], [4, 7, 3, 0, 6, 1, 5, 2], [4, 7, 3, 0, 6, 1, 5, 2], [4, 2, 7, 3, 6, 0, 5, 1]] 
Generation 856 (5) (U.S: 3) -> [[3, 7, 0, 4, 6, 1, 5, 2], [4, 7, 3, 0, 6, 1, 5, 2], [4, 7, 3, 0, 6, 1, 5, 2], [4, 7, 3, 0, 6, 1, 5, 2], [4, 2, 7, 3, 6, 0, 5, 1]] 
Generation 857 (5) (U.S: 3) -> [[3, 7, 0, 4, 6, 1, 5, 2], [4, 7, 3, 0, 6, 1, 5, 2], [4, 7, 3, 0, 6, 1, 5, 2], [4, 7, 3, 0, 6, 1, 5, 2], [4, 2, 7, 3, 6, 0, 5, 1]] 
Generation 858 (5) (U.S: 3) -> [[3, 7, 0, 4, 6, 1, 5, 2], [4, 7, 3, 0, 6, 1, 5, 2], [4, 7, 3, 0, 6, 1, 5, 2], [4, 7, 3, 0, 6, 1, 5, 2], [4, 2, 7, 3, 6, 0, 5, 1]] 
Generation 859 (5) (U.S: 3) -> [[3, 7, 0, 4, 6, 1, 5, 2], [4, 7, 3, 0, 6, 1, 5, 2], [4, 7, 3, 0, 6, 1, 5, 2], [4, 7, 3, 0, 6, 1, 5, 2], [4, 2, 7, 3, 6, 0, 5, 1]] 
Generation 860 (5) (U.S: 3) -> [[3, 7, 0, 4, 6, 1, 5, 2], [4, 7, 3, 0, 6, 1, 5, 2], [4, 7, 3, 0, 6, 1, 5, 2], [4, 7, 3, 0, 6, 1, 5, 2], [4, 2, 7, 3, 6, 0, 5, 1]] 
Generation 861 (5) (U.S: 3) -> [[3, 7, 0, 4, 6, 1, 5, 2], [4, 7, 3, 0, 6, 1, 5, 2], [4, 7, 3, 0, 6, 1, 5, 2], [4, 7, 3, 0, 6, 1, 5, 2], [4, 2, 7, 3, 6, 0, 5, 1]] 
Generation 862 (5) (U.S: 3) -> [[3, 7, 0, 4, 6, 1, 5, 2], [4, 7, 3, 0, 6, 1, 5, 2], [4, 7, 3, 0, 6, 1, 5, 2], [4, 7, 3, 0, 6, 1, 5, 2], [4, 2, 7, 3, 6, 0, 5, 1]] 
Generation 863 (5) (U.S: 3) -> [[3, 7, 0, 4, 6, 1, 5, 2], [4, 7, 3, 0, 6, 1, 5, 2], [4, 7, 3, 0, 6, 1, 5, 2], [4, 7, 3, 0, 6, 1, 5, 2], [4, 2, 7, 3, 6, 0, 5, 1]] 
Generation 864 (5) (U.S: 3) -> [[3, 7, 0, 4, 6, 1, 5, 2], [4, 7, 3, 0, 6, 1, 5, 2], [4, 7, 3, 0, 6, 1, 5, 2], [4, 7, 3, 0, 6, 1, 5, 2], [4, 2, 7, 3, 6, 0, 5, 1]] 
Generation 865 (5) (U.S: 3) -> [[3, 7, 0, 4, 6, 1, 5, 2], [4, 7, 3, 0, 6, 1, 5, 2], [4, 7, 3, 0, 6, 1, 5, 2], [4, 7, 3, 0, 6, 1, 5, 2], [4, 2, 7, 3, 6, 0, 5, 1]] 
Generation 866 (5) (U.S: 3) -> [[3, 7, 0, 4, 6, 1, 5, 2], [4, 7, 3, 0, 6, 1, 5, 2], [4, 7, 3, 0, 6, 1, 5, 2], [4, 7, 3, 0, 6, 1, 5, 2], [4, 2, 7, 3, 6, 0, 5, 1]] 
Generation 867 (5) (U.S: 3) -> [[3, 7, 0, 4, 6, 1, 5, 2], [4, 7, 3, 0, 6, 1, 5, 2], [4, 7, 3, 0, 6, 1, 5, 2], [4, 7, 3, 0, 6, 1, 5, 2], [4, 2, 7, 3, 6, 0, 5, 1]] 
Generation 868 (5) (U.S: 3) -> [[3, 7, 0, 4, 6, 1, 5, 2], [4, 7, 3, 0, 6, 1, 5, 2], [4, 7, 3, 0, 6, 1, 5, 2], [4, 7, 3, 0, 6, 1, 5, 2], [4, 2, 7, 3, 6, 0, 5, 1]] 
Generation 869 (5) (U.S: 3) -> [[3, 7, 0, 4, 6, 1, 5, 2], [4, 7, 3, 0, 6, 1, 5, 2], [4, 7, 3, 0, 6, 1, 5, 2], [4, 7, 3, 0, 6, 1, 5, 2], [4, 2, 7, 3, 6, 0, 5, 1]] 
Generation 870 (5) (U.S: 3) -> [[3, 7, 0, 4, 6, 1, 5, 2], [4, 7, 3, 0, 6, 1, 5, 2], [4, 7, 3, 0, 6, 1, 5, 2], [4, 7, 3, 0, 6, 1, 5, 2], [4, 2, 7, 3, 6, 0, 5, 1]] 
Generation 871 (5) (U.S: 3) -> [[3, 7, 0, 4, 6, 1, 5, 2], [4, 7, 3, 0, 6, 1, 5, 2], [4, 7, 3, 0, 6, 1, 5, 2], [4, 7, 3, 0, 6, 1, 5, 2], [4, 2, 7, 3, 6, 0, 5, 1]] 
Generation 872 (5) (U.S: 3) -> [[3, 7, 0, 4, 6, 1, 5, 2], [4, 7, 3, 0, 6, 1, 5, 2], [4, 7, 3, 0, 6, 1, 5, 2], [4, 7, 3, 0, 6, 1, 5, 2], [4, 2, 7, 3, 6, 0, 5, 1]] 
Generation 873 (5) (U.S: 3) -> [[3, 7, 0, 4, 6, 1, 5, 2], [4, 7, 3, 0, 6, 1, 5, 2], [4, 7, 3, 0, 6, 1, 5, 2], [4, 7, 3, 0, 6, 1, 5, 2], [4, 2, 7, 3, 6, 0, 5, 1]] 
Generation 874 (5) (U.S: 3) -> [[3, 7, 0, 4, 6, 1, 5, 2], [4, 7, 3, 0, 6, 1, 5, 2], [4, 7, 3, 0, 6, 1, 5, 2], [4, 7, 3, 0, 6, 1, 5, 2], [4, 2, 7, 3, 6, 0, 5, 1]] 
Generation 875 (5) (U.S: 3) -> [[3, 7, 0, 4, 6, 1, 5, 2], [4, 7, 3, 0, 6, 1, 5, 2], [4, 7, 3, 0, 6, 1, 5, 2], [4, 7, 3, 0, 6, 1, 5, 2], [4, 2, 7, 3, 6, 0, 5, 1]] 
Generation 876 (5) (U.S: 3) -> [[3, 7, 0, 4, 6, 1, 5, 2], [4, 7, 3, 0, 6, 1, 5, 2], [4, 7, 3, 0, 6, 1, 5, 2], [4, 7, 3, 0, 6, 1, 5, 2], [4, 2, 7, 3, 6, 0, 5, 1]] 
Generation 877 (5) (U.S: 3) -> [[3, 7, 0, 4, 6, 1, 5, 2], [4, 7, 3, 0, 6, 1, 5, 2], [4, 7, 3, 0, 6, 1, 5, 2], [4, 7, 3, 0, 6, 1, 5, 2], [4, 2, 7, 3, 6, 0, 5, 1]] 
Generation 878 (5) (U.S: 3) -> [[3, 7, 0, 4, 6, 1, 5, 2], [4, 7, 3, 0, 6, 1, 5, 2], [4, 7, 3, 0, 6, 1, 5, 2], [4, 7, 3, 0, 6, 1, 5, 2], [4, 2, 7, 3, 6, 0, 5, 1]] 
Generation 879 (5) (U.S: 3) -> [[3, 7, 0, 4, 6, 1, 5, 2], [4, 7, 3, 0, 6, 1, 5, 2], [4, 7, 3, 0, 6, 1, 5, 2], [4, 7, 3, 0, 6, 1, 5, 2], [4, 2, 7, 3, 6, 0, 5, 1]] 
Generation 880 (5) (U.S: 3) -> [[3, 7, 0, 4, 6, 1, 5, 2], [4, 7, 3, 0, 6, 1, 5, 2], [4, 7, 3, 0, 6, 1, 5, 2], [4, 7, 3, 0, 6, 1, 5, 2], [4, 2, 7, 3, 6, 0, 5, 1]] 
Generation 881 (5) (U.S: 3) -> [[3, 7, 0, 4, 6, 1, 5, 2], [4, 7, 3, 0, 6, 1, 5, 2], [4, 7, 3, 0, 6, 1, 5, 2], [4, 7, 3, 0, 6, 1, 5, 2], [4, 2, 7, 3, 6, 0, 5, 1]] 
Generation 882 (5) (U.S: 3) -> [[3, 7, 0, 4, 6, 1, 5, 2], [4, 7, 3, 0, 6, 1, 5, 2], [4, 7, 3, 0, 6, 1, 5, 2], [4, 7, 3, 0, 6, 1, 5, 2], [4, 2, 7, 3, 6, 0, 5, 1]] 
Generation 883 (5) (U.S: 3) -> [[3, 7, 0, 4, 6, 1, 5, 2], [4, 7, 3, 0, 6, 1, 5, 2], [4, 7, 3, 0, 6, 1, 5, 2], [4, 7, 3, 0, 6, 1, 5, 2], [4, 2, 7, 3, 6, 0, 5, 1]] 
Generation 884 (5) (U.S: 3) -> [[3, 7, 0, 4, 6, 1, 5, 2], [4, 7, 3, 0, 6, 1, 5, 2], [4, 7, 3, 0, 6, 1, 5, 2], [4, 7, 3, 0, 6, 1, 5, 2], [4, 2, 7, 3, 6, 0, 5, 1]] 
Generation 885 (5) (U.S: 3) -> [[3, 7, 0, 4, 6, 1, 5, 2], [4, 7, 3, 0, 6, 1, 5, 2], [4, 7, 3, 0, 6, 1, 5, 2], [4, 7, 3, 0, 6, 1, 5, 2], [4, 2, 7, 3, 6, 0, 5, 1]] 
Generation 886 (5) (U.S: 3) -> [[3, 7, 0, 4, 6, 1, 5, 2], [4, 7, 3, 0, 6, 1, 5, 2], [4, 7, 3, 0, 6, 1, 5, 2], [4, 7, 3, 0, 6, 1, 5, 2], [4, 2, 7, 3, 6, 0, 5, 1]] 
Generation 887 (5) (U.S: 3) -> [[3, 7, 0, 4, 6, 1, 5, 2], [4, 7, 3, 0, 6, 1, 5, 2], [4, 7, 3, 0, 6, 1, 5, 2], [4, 7, 3, 0, 6, 1, 5, 2], [4, 2, 7, 3, 6, 0, 5, 1]] 
Generation 888 (5) (U.S: 3) -> [[3, 7, 0, 4, 6, 1, 5, 2], [4, 7, 3, 0, 6, 1, 5, 2], [4, 7, 3, 0, 6, 1, 5, 2], [4, 7, 3, 0, 6, 1, 5, 2], [4, 2, 7, 3, 6, 0, 5, 1]] 
Generation 889 (5) (U.S: 3) -> [[3, 7, 0, 4, 6, 1, 5, 2], [4, 7, 3, 0, 6, 1, 5, 2], [4, 7, 3, 0, 6, 1, 5, 2], [4, 7, 3, 0, 6, 1, 5, 2], [4, 2, 7, 3, 6, 0, 5, 1]] 
Generation 890 (5) (U.S: 3) -> [[3, 7, 0, 4, 6, 1, 5, 2], [4, 7, 3, 0, 6, 1, 5, 2], [4, 7, 3, 0, 6, 1, 5, 2], [4, 7, 3, 0, 6, 1, 5, 2], [4, 2, 7, 3, 6, 0, 5, 1]] 
Generation 891 (5) (U.S: 3) -> [[3, 7, 0, 4, 6, 1, 5, 2], [4, 7, 3, 0, 6, 1, 5, 2], [4, 7, 3, 0, 6, 1, 5, 2], [4, 7, 3, 0, 6, 1, 5, 2], [4, 2, 7, 3, 6, 0, 5, 1]] 
Generation 892 (5) (U.S: 3) -> [[3, 7, 0, 4, 6, 1, 5, 2], [4, 7, 3, 0, 6, 1, 5, 2], [4, 7, 3, 0, 6, 1, 5, 2], [4, 7, 3, 0, 6, 1, 5, 2], [4, 2, 7, 3, 6, 0, 5, 1]] 
Generation 893 (5) (U.S: 3) -> [[3, 7, 0, 4, 6, 1, 5, 2], [4, 7, 3, 0, 6, 1, 5, 2], [4, 7, 3, 0, 6, 1, 5, 2], [4, 7, 3, 0, 6, 1, 5, 2], [4, 2, 7, 3, 6, 0, 5, 1]] 
Generation 894 (5) (U.S: 3) -> [[3, 7, 0, 4, 6, 1, 5, 2], [4, 7, 3, 0, 6, 1, 5, 2], [4, 7, 3, 0, 6, 1, 5, 2], [4, 7, 3, 0, 6, 1, 5, 2], [4, 2, 7, 3, 6, 0, 5, 1]] 
Generation 895 (5) (U.S: 3) -> [[3, 7, 0, 4, 6, 1, 5, 2], [4, 7, 3, 0, 6, 1, 5, 2], [4, 7, 3, 0, 6, 1, 5, 2], [4, 7, 3, 0, 6, 1, 5, 2], [4, 2, 7, 3, 6, 0, 5, 1]] 
Generation 896 (5) (U.S: 3) -> [[3, 7, 0, 4, 6, 1, 5, 2], [4, 7, 3, 0, 6, 1, 5, 2], [4, 7, 3, 0, 6, 1, 5, 2], [4, 7, 3, 0, 6, 1, 5, 2], [4, 2, 7, 3, 6, 0, 5, 1]] 
Generation 897 (5) (U.S: 3) -> [[3, 7, 0, 4, 6, 1, 5, 2], [4, 7, 3, 0, 6, 1, 5, 2], [4, 7, 3, 0, 6, 1, 5, 2], [4, 7, 3, 0, 6, 1, 5, 2], [4, 2, 7, 3, 6, 0, 5, 1]] 
Generation 898 (5) (U.S: 3) -> [[3, 7, 0, 4, 6, 1, 5, 2], [4, 7, 3, 0, 6, 1, 5, 2], [4, 7, 3, 0, 6, 1, 5, 2], [4, 7, 3, 0, 6, 1, 5, 2], [4, 2, 7, 3, 6, 0, 5, 1]] 
Generation 899 (5) (U.S: 3) -> [[3, 7, 0, 4, 6, 1, 5, 2], [4, 7, 3, 0, 6, 1, 5, 2], [4, 7, 3, 0, 6, 1, 5, 2], [4, 7, 3, 0, 6, 1, 5, 2], [4, 2, 7, 3, 6, 0, 5, 1]] 
Generation 900 (5) (U.S: 3) -> [[3, 7, 0, 4, 6, 1, 5, 2], [4, 7, 3, 0, 6, 1, 5, 2], [4, 7, 3, 0, 6, 1, 5, 2], [4, 7, 3, 0, 6, 1, 5, 2], [4, 2, 7, 3, 6, 0, 5, 1]] 
Generation 901 (5) (U.S: 3) -> [[3, 7, 0, 4, 6, 1, 5, 2], [4, 7, 3, 0, 6, 1, 5, 2], [4, 7, 3, 0, 6, 1, 5, 2], [4, 7, 3, 0, 6, 1, 5, 2], [4, 2, 7, 3, 6, 0, 5, 1]] 
Generation 902 (5) (U.S: 3) -> [[3, 7, 0, 4, 6, 1, 5, 2], [4, 7, 3, 0, 6, 1, 5, 2], [4, 7, 3, 0, 6, 1, 5, 2], [4, 7, 3, 0, 6, 1, 5, 2], [4, 2, 7, 3, 6, 0, 5, 1]] 
Generation 903 (5) (U.S: 3) -> [[3, 7, 0, 4, 6, 1, 5, 2], [4, 7, 3, 0, 6, 1, 5, 2], [4, 7, 3, 0, 6, 1, 5, 2], [4, 7, 3, 0, 6, 1, 5, 2], [4, 2, 7, 3, 6, 0, 5, 1]] 
Generation 904 (5) (U.S: 3) -> [[3, 7, 0, 4, 6, 1, 5, 2], [4, 7, 3, 0, 6, 1, 5, 2], [4, 7, 3, 0, 6, 1, 5, 2], [4, 7, 3, 0, 6, 1, 5, 2], [4, 2, 7, 3, 6, 0, 5, 1]] 
Generation 905 (5) (U.S: 3) -> [[3, 7, 0, 4, 6, 1, 5, 2], [4, 7, 3, 0, 6, 1, 5, 2], [4, 7, 3, 0, 6, 1, 5, 2], [4, 7, 3, 0, 6, 1, 5, 2], [4, 2, 7, 3, 6, 0, 5, 1]] 
Generation 906 (5) (U.S: 3) -> [[3, 7, 0, 4, 6, 1, 5, 2], [4, 7, 3, 0, 6, 1, 5, 2], [4, 7, 3, 0, 6, 1, 5, 2], [4, 7, 3, 0, 6, 1, 5, 2], [4, 2, 7, 3, 6, 0, 5, 1]] 
Generation 907 (5) (U.S: 3) -> [[3, 7, 0, 4, 6, 1, 5, 2], [4, 7, 3, 0, 6, 1, 5, 2], [4, 7, 3, 0, 6, 1, 5, 2], [4, 7, 3, 0, 6, 1, 5, 2], [4, 2, 7, 3, 6, 0, 5, 1]] 
Generation 908 (5) (U.S: 3) -> [[3, 7, 0, 4, 6, 1, 5, 2], [4, 7, 3, 0, 6, 1, 5, 2], [4, 7, 3, 0, 6, 1, 5, 2], [4, 7, 3, 0, 6, 1, 5, 2], [4, 2, 7, 3, 6, 0, 5, 1]] 
Generation 909 (5) (U.S: 3) -> [[3, 7, 0, 4, 6, 1, 5, 2], [4, 7, 3, 0, 6, 1, 5, 2], [4, 7, 3, 0, 6, 1, 5, 2], [4, 7, 3, 0, 6, 1, 5, 2], [4, 2, 7, 3, 6, 0, 5, 1]] 
Generation 910 (5) (U.S: 3) -> [[3, 7, 0, 4, 6, 1, 5, 2], [4, 7, 3, 0, 6, 1, 5, 2], [4, 7, 3, 0, 6, 1, 5, 2], [4, 7, 3, 0, 6, 1, 5, 2], [4, 2, 7, 3, 6, 0, 5, 1]] 
Generation 911 (5) (U.S: 3) -> [[3, 7, 0, 4, 6, 1, 5, 2], [4, 7, 3, 0, 6, 1, 5, 2], [4, 7, 3, 0, 6, 1, 5, 2], [4, 7, 3, 0, 6, 1, 5, 2], [4, 2, 7, 3, 6, 0, 5, 1]] 
Generation 912 (5) (U.S: 3) -> [[3, 7, 0, 4, 6, 1, 5, 2], [4, 7, 3, 0, 6, 1, 5, 2], [4, 7, 3, 0, 6, 1, 5, 2], [4, 7, 3, 0, 6, 1, 5, 2], [4, 2, 7, 3, 6, 0, 5, 1]] 
Generation 913 (5) (U.S: 3) -> [[3, 7, 0, 4, 6, 1, 5, 2], [4, 7, 3, 0, 6, 1, 5, 2], [4, 7, 3, 0, 6, 1, 5, 2], [4, 7, 3, 0, 6, 1, 5, 2], [4, 2, 7, 3, 6, 0, 5, 1]] 
Generation 914 (5) (U.S: 3) -> [[3, 7, 0, 4, 6, 1, 5, 2], [4, 7, 3, 0, 6, 1, 5, 2], [4, 7, 3, 0, 6, 1, 5, 2], [4, 7, 3, 0, 6, 1, 5, 2], [4, 2, 7, 3, 6, 0, 5, 1]] 
Generation 915 (5) (U.S: 3) -> [[3, 7, 0, 4, 6, 1, 5, 2], [4, 7, 3, 0, 6, 1, 5, 2], [4, 7, 3, 0, 6, 1, 5, 2], [4, 7, 3, 0, 6, 1, 5, 2], [4, 2, 7, 3, 6, 0, 5, 1]] 
Generation 916 (6) (U.S: 4) -> [[3, 7, 0, 4, 6, 1, 5, 2], [4, 7, 3, 0, 6, 1, 5, 2], [4, 7, 3, 0, 6, 1, 5, 2], [4, 7, 3, 0, 6, 1, 5, 2], [3, 1, 6, 4, 0, 7, 5, 2], [4, 2, 7, 3, 6, 0, 5, 1]] 
Generation 917 (6) (U.S: 4) -> [[3, 7, 0, 4, 6, 1, 5, 2], [4, 7, 3, 0, 6, 1, 5, 2], [4, 7, 3, 0, 6, 1, 5, 2], [4, 7, 3, 0, 6, 1, 5, 2], [3, 1, 6, 4, 0, 7, 5, 2], [4, 2, 7, 3, 6, 0, 5, 1]] 
Generation 918 (6) (U.S: 4) -> [[3, 7, 0, 4, 6, 1, 5, 2], [4, 7, 3, 0, 6, 1, 5, 2], [4, 7, 3, 0, 6, 1, 5, 2], [4, 7, 3, 0, 6, 1, 5, 2], [3, 1, 6, 4, 0, 7, 5, 2], [4, 2, 7, 3, 6, 0, 5, 1]] 
Generation 919 (6) (U.S: 4) -> [[3, 7, 0, 4, 6, 1, 5, 2], [4, 7, 3, 0, 6, 1, 5, 2], [4, 7, 3, 0, 6, 1, 5, 2], [4, 7, 3, 0, 6, 1, 5, 2], [3, 1, 6, 4, 0, 7, 5, 2], [4, 2, 7, 3, 6, 0, 5, 1]] 
Generation 920 (6) (U.S: 4) -> [[3, 7, 0, 4, 6, 1, 5, 2], [4, 7, 3, 0, 6, 1, 5, 2], [4, 7, 3, 0, 6, 1, 5, 2], [4, 7, 3, 0, 6, 1, 5, 2], [3, 1, 6, 4, 0, 7, 5, 2], [4, 2, 7, 3, 6, 0, 5, 1]] 
Generation 921 (6) (U.S: 4) -> [[3, 7, 0, 4, 6, 1, 5, 2], [4, 7, 3, 0, 6, 1, 5, 2], [4, 7, 3, 0, 6, 1, 5, 2], [4, 7, 3, 0, 6, 1, 5, 2], [3, 1, 6, 4, 0, 7, 5, 2], [4, 2, 7, 3, 6, 0, 5, 1]] 
Generation 922 (6) (U.S: 4) -> [[3, 7, 0, 4, 6, 1, 5, 2], [4, 7, 3, 0, 6, 1, 5, 2], [4, 7, 3, 0, 6, 1, 5, 2], [4, 7, 3, 0, 6, 1, 5, 2], [3, 1, 6, 4, 0, 7, 5, 2], [4, 2, 7, 3, 6, 0, 5, 1]] 
Generation 923 (6) (U.S: 4) -> [[3, 7, 0, 4, 6, 1, 5, 2], [4, 7, 3, 0, 6, 1, 5, 2], [4, 7, 3, 0, 6, 1, 5, 2], [4, 7, 3, 0, 6, 1, 5, 2], [3, 1, 6, 4, 0, 7, 5, 2], [4, 2, 7, 3, 6, 0, 5, 1]] 
Generation 924 (6) (U.S: 4) -> [[3, 7, 0, 4, 6, 1, 5, 2], [4, 7, 3, 0, 6, 1, 5, 2], [4, 7, 3, 0, 6, 1, 5, 2], [4, 7, 3, 0, 6, 1, 5, 2], [3, 1, 6, 4, 0, 7, 5, 2], [4, 2, 7, 3, 6, 0, 5, 1]] 
Generation 925 (6) (U.S: 4) -> [[3, 7, 0, 4, 6, 1, 5, 2], [4, 7, 3, 0, 6, 1, 5, 2], [4, 7, 3, 0, 6, 1, 5, 2], [4, 7, 3, 0, 6, 1, 5, 2], [3, 1, 6, 4, 0, 7, 5, 2], [4, 2, 7, 3, 6, 0, 5, 1]] 
Generation 926 (6) (U.S: 4) -> [[3, 7, 0, 4, 6, 1, 5, 2], [4, 7, 3, 0, 6, 1, 5, 2], [4, 7, 3, 0, 6, 1, 5, 2], [4, 7, 3, 0, 6, 1, 5, 2], [3, 1, 6, 4, 0, 7, 5, 2], [4, 2, 7, 3, 6, 0, 5, 1]] 
Generation 927 (6) (U.S: 4) -> [[3, 7, 0, 4, 6, 1, 5, 2], [4, 7, 3, 0, 6, 1, 5, 2], [4, 7, 3, 0, 6, 1, 5, 2], [4, 7, 3, 0, 6, 1, 5, 2], [3, 1, 6, 4, 0, 7, 5, 2], [4, 2, 7, 3, 6, 0, 5, 1]] 
Generation 928 (6) (U.S: 4) -> [[3, 7, 0, 4, 6, 1, 5, 2], [4, 7, 3, 0, 6, 1, 5, 2], [4, 7, 3, 0, 6, 1, 5, 2], [4, 7, 3, 0, 6, 1, 5, 2], [3, 1, 6, 4, 0, 7, 5, 2], [4, 2, 7, 3, 6, 0, 5, 1]] 
Generation 929 (6) (U.S: 4) -> [[3, 7, 0, 4, 6, 1, 5, 2], [4, 7, 3, 0, 6, 1, 5, 2], [4, 7, 3, 0, 6, 1, 5, 2], [4, 7, 3, 0, 6, 1, 5, 2], [3, 1, 6, 4, 0, 7, 5, 2], [4, 2, 7, 3, 6, 0, 5, 1]] 
Generation 930 (6) (U.S: 4) -> [[3, 7, 0, 4, 6, 1, 5, 2], [4, 7, 3, 0, 6, 1, 5, 2], [4, 7, 3, 0, 6, 1, 5, 2], [4, 7, 3, 0, 6, 1, 5, 2], [3, 1, 6, 4, 0, 7, 5, 2], [4, 2, 7, 3, 6, 0, 5, 1]] 
Generation 931 (6) (U.S: 4) -> [[3, 7, 0, 4, 6, 1, 5, 2], [4, 7, 3, 0, 6, 1, 5, 2], [4, 7, 3, 0, 6, 1, 5, 2], [4, 7, 3, 0, 6, 1, 5, 2], [3, 1, 6, 4, 0, 7, 5, 2], [4, 2, 7, 3, 6, 0, 5, 1]] 
Generation 932 (6) (U.S: 4) -> [[3, 7, 0, 4, 6, 1, 5, 2], [4, 7, 3, 0, 6, 1, 5, 2], [4, 7, 3, 0, 6, 1, 5, 2], [4, 7, 3, 0, 6, 1, 5, 2], [3, 1, 6, 4, 0, 7, 5, 2], [4, 2, 7, 3, 6, 0, 5, 1]] 
Generation 933 (6) (U.S: 4) -> [[3, 7, 0, 4, 6, 1, 5, 2], [4, 7, 3, 0, 6, 1, 5, 2], [4, 7, 3, 0, 6, 1, 5, 2], [4, 7, 3, 0, 6, 1, 5, 2], [3, 1, 6, 4, 0, 7, 5, 2], [4, 2, 7, 3, 6, 0, 5, 1]] 
Generation 934 (6) (U.S: 4) -> [[3, 7, 0, 4, 6, 1, 5, 2], [4, 7, 3, 0, 6, 1, 5, 2], [4, 7, 3, 0, 6, 1, 5, 2], [4, 7, 3, 0, 6, 1, 5, 2], [3, 1, 6, 4, 0, 7, 5, 2], [4, 2, 7, 3, 6, 0, 5, 1]] 
Generation 935 (6) (U.S: 4) -> [[3, 7, 0, 4, 6, 1, 5, 2], [4, 7, 3, 0, 6, 1, 5, 2], [4, 7, 3, 0, 6, 1, 5, 2], [4, 7, 3, 0, 6, 1, 5, 2], [3, 1, 6, 4, 0, 7, 5, 2], [4, 2, 7, 3, 6, 0, 5, 1]] 
Generation 936 (6) (U.S: 4) -> [[3, 7, 0, 4, 6, 1, 5, 2], [4, 7, 3, 0, 6, 1, 5, 2], [4, 7, 3, 0, 6, 1, 5, 2], [4, 7, 3, 0, 6, 1, 5, 2], [3, 1, 6, 4, 0, 7, 5, 2], [4, 2, 7, 3, 6, 0, 5, 1]] 
Generation 937 (6) (U.S: 4) -> [[3, 7, 0, 4, 6, 1, 5, 2], [4, 7, 3, 0, 6, 1, 5, 2], [4, 7, 3, 0, 6, 1, 5, 2], [4, 7, 3, 0, 6, 1, 5, 2], [3, 1, 6, 4, 0, 7, 5, 2], [4, 2, 7, 3, 6, 0, 5, 1]] 
Generation 938 (6) (U.S: 4) -> [[3, 7, 0, 4, 6, 1, 5, 2], [4, 7, 3, 0, 6, 1, 5, 2], [4, 7, 3, 0, 6, 1, 5, 2], [4, 7, 3, 0, 6, 1, 5, 2], [3, 1, 6, 4, 0, 7, 5, 2], [4, 2, 7, 3, 6, 0, 5, 1]] 
Generation 939 (6) (U.S: 4) -> [[3, 7, 0, 4, 6, 1, 5, 2], [4, 7, 3, 0, 6, 1, 5, 2], [4, 7, 3, 0, 6, 1, 5, 2], [4, 7, 3, 0, 6, 1, 5, 2], [3, 1, 6, 4, 0, 7, 5, 2], [4, 2, 7, 3, 6, 0, 5, 1]] 
Generation 940 (6) (U.S: 4) -> [[3, 7, 0, 4, 6, 1, 5, 2], [4, 7, 3, 0, 6, 1, 5, 2], [4, 7, 3, 0, 6, 1, 5, 2], [4, 7, 3, 0, 6, 1, 5, 2], [3, 1, 6, 4, 0, 7, 5, 2], [4, 2, 7, 3, 6, 0, 5, 1]] 
Generation 941 (6) (U.S: 4) -> [[3, 7, 0, 4, 6, 1, 5, 2], [4, 7, 3, 0, 6, 1, 5, 2], [4, 7, 3, 0, 6, 1, 5, 2], [4, 7, 3, 0, 6, 1, 5, 2], [3, 1, 6, 4, 0, 7, 5, 2], [4, 2, 7, 3, 6, 0, 5, 1]] 
Generation 942 (6) (U.S: 4) -> [[3, 7, 0, 4, 6, 1, 5, 2], [4, 7, 3, 0, 6, 1, 5, 2], [4, 7, 3, 0, 6, 1, 5, 2], [4, 7, 3, 0, 6, 1, 5, 2], [3, 1, 6, 4, 0, 7, 5, 2], [4, 2, 7, 3, 6, 0, 5, 1]] 
Generation 943 (6) (U.S: 4) -> [[3, 7, 0, 4, 6, 1, 5, 2], [4, 7, 3, 0, 6, 1, 5, 2], [4, 7, 3, 0, 6, 1, 5, 2], [4, 7, 3, 0, 6, 1, 5, 2], [3, 1, 6, 4, 0, 7, 5, 2], [4, 2, 7, 3, 6, 0, 5, 1]] 
Generation 944 (6) (U.S: 4) -> [[3, 7, 0, 4, 6, 1, 5, 2], [4, 7, 3, 0, 6, 1, 5, 2], [4, 7, 3, 0, 6, 1, 5, 2], [4, 7, 3, 0, 6, 1, 5, 2], [3, 1, 6, 4, 0, 7, 5, 2], [4, 2, 7, 3, 6, 0, 5, 1]] 
Generation 945 (6) (U.S: 4) -> [[3, 7, 0, 4, 6, 1, 5, 2], [4, 7, 3, 0, 6, 1, 5, 2], [4, 7, 3, 0, 6, 1, 5, 2], [4, 7, 3, 0, 6, 1, 5, 2], [3, 1, 6, 4, 0, 7, 5, 2], [4, 2, 7, 3, 6, 0, 5, 1]] 
Generation 946 (6) (U.S: 4) -> [[3, 7, 0, 4, 6, 1, 5, 2], [4, 7, 3, 0, 6, 1, 5, 2], [4, 7, 3, 0, 6, 1, 5, 2], [4, 7, 3, 0, 6, 1, 5, 2], [3, 1, 6, 4, 0, 7, 5, 2], [4, 2, 7, 3, 6, 0, 5, 1]] 
Generation 947 (6) (U.S: 4) -> [[3, 7, 0, 4, 6, 1, 5, 2], [4, 7, 3, 0, 6, 1, 5, 2], [4, 7, 3, 0, 6, 1, 5, 2], [4, 7, 3, 0, 6, 1, 5, 2], [3, 1, 6, 4, 0, 7, 5, 2], [4, 2, 7, 3, 6, 0, 5, 1]] 
Generation 948 (6) (U.S: 4) -> [[3, 7, 0, 4, 6, 1, 5, 2], [4, 7, 3, 0, 6, 1, 5, 2], [4, 7, 3, 0, 6, 1, 5, 2], [4, 7, 3, 0, 6, 1, 5, 2], [3, 1, 6, 4, 0, 7, 5, 2], [4, 2, 7, 3, 6, 0, 5, 1]] 
Generation 949 (6) (U.S: 4) -> [[3, 7, 0, 4, 6, 1, 5, 2], [4, 7, 3, 0, 6, 1, 5, 2], [4, 7, 3, 0, 6, 1, 5, 2], [4, 7, 3, 0, 6, 1, 5, 2], [3, 1, 6, 4, 0, 7, 5, 2], [4, 2, 7, 3, 6, 0, 5, 1]] 
Generation 950 (6) (U.S: 4) -> [[3, 7, 0, 4, 6, 1, 5, 2], [4, 7, 3, 0, 6, 1, 5, 2], [4, 7, 3, 0, 6, 1, 5, 2], [4, 7, 3, 0, 6, 1, 5, 2], [3, 1, 6, 4, 0, 7, 5, 2], [4, 2, 7, 3, 6, 0, 5, 1]] 
Generation 951 (6) (U.S: 4) -> [[3, 7, 0, 4, 6, 1, 5, 2], [4, 7, 3, 0, 6, 1, 5, 2], [4, 7, 3, 0, 6, 1, 5, 2], [4, 7, 3, 0, 6, 1, 5, 2], [3, 1, 6, 4, 0, 7, 5, 2], [4, 2, 7, 3, 6, 0, 5, 1]] 
Generation 952 (6) (U.S: 4) -> [[3, 7, 0, 4, 6, 1, 5, 2], [4, 7, 3, 0, 6, 1, 5, 2], [4, 7, 3, 0, 6, 1, 5, 2], [4, 7, 3, 0, 6, 1, 5, 2], [3, 1, 6, 4, 0, 7, 5, 2], [4, 2, 7, 3, 6, 0, 5, 1]] 
Generation 953 (6) (U.S: 4) -> [[3, 7, 0, 4, 6, 1, 5, 2], [4, 7, 3, 0, 6, 1, 5, 2], [4, 7, 3, 0, 6, 1, 5, 2], [4, 7, 3, 0, 6, 1, 5, 2], [3, 1, 6, 4, 0, 7, 5, 2], [4, 2, 7, 3, 6, 0, 5, 1]] 
Generation 954 (6) (U.S: 4) -> [[3, 7, 0, 4, 6, 1, 5, 2], [4, 7, 3, 0, 6, 1, 5, 2], [4, 7, 3, 0, 6, 1, 5, 2], [4, 7, 3, 0, 6, 1, 5, 2], [3, 1, 6, 4, 0, 7, 5, 2], [4, 2, 7, 3, 6, 0, 5, 1]] 
Generation 955 (6) (U.S: 4) -> [[3, 7, 0, 4, 6, 1, 5, 2], [4, 7, 3, 0, 6, 1, 5, 2], [4, 7, 3, 0, 6, 1, 5, 2], [4, 7, 3, 0, 6, 1, 5, 2], [3, 1, 6, 4, 0, 7, 5, 2], [4, 2, 7, 3, 6, 0, 5, 1]] 
Generation 956 (6) (U.S: 4) -> [[3, 7, 0, 4, 6, 1, 5, 2], [4, 7, 3, 0, 6, 1, 5, 2], [4, 7, 3, 0, 6, 1, 5, 2], [4, 7, 3, 0, 6, 1, 5, 2], [3, 1, 6, 4, 0, 7, 5, 2], [4, 2, 7, 3, 6, 0, 5, 1]] 
Generation 957 (6) (U.S: 4) -> [[3, 7, 0, 4, 6, 1, 5, 2], [4, 7, 3, 0, 6, 1, 5, 2], [4, 7, 3, 0, 6, 1, 5, 2], [4, 7, 3, 0, 6, 1, 5, 2], [3, 1, 6, 4, 0, 7, 5, 2], [4, 2, 7, 3, 6, 0, 5, 1]] 
Generation 958 (6) (U.S: 4) -> [[3, 7, 0, 4, 6, 1, 5, 2], [4, 7, 3, 0, 6, 1, 5, 2], [4, 7, 3, 0, 6, 1, 5, 2], [4, 7, 3, 0, 6, 1, 5, 2], [3, 1, 6, 4, 0, 7, 5, 2], [4, 2, 7, 3, 6, 0, 5, 1]] 
Generation 959 (6) (U.S: 4) -> [[3, 7, 0, 4, 6, 1, 5, 2], [4, 7, 3, 0, 6, 1, 5, 2], [4, 7, 3, 0, 6, 1, 5, 2], [4, 7, 3, 0, 6, 1, 5, 2], [3, 1, 6, 4, 0, 7, 5, 2], [4, 2, 7, 3, 6, 0, 5, 1]] 
Generation 960 (6) (U.S: 4) -> [[3, 7, 0, 4, 6, 1, 5, 2], [4, 7, 3, 0, 6, 1, 5, 2], [4, 7, 3, 0, 6, 1, 5, 2], [4, 7, 3, 0, 6, 1, 5, 2], [3, 1, 6, 4, 0, 7, 5, 2], [4, 2, 7, 3, 6, 0, 5, 1]] 
Generation 961 (6) (U.S: 4) -> [[3, 7, 0, 4, 6, 1, 5, 2], [4, 7, 3, 0, 6, 1, 5, 2], [4, 7, 3, 0, 6, 1, 5, 2], [4, 7, 3, 0, 6, 1, 5, 2], [3, 1, 6, 4, 0, 7, 5, 2], [4, 2, 7, 3, 6, 0, 5, 1]] 
Generation 962 (6) (U.S: 4) -> [[3, 7, 0, 4, 6, 1, 5, 2], [4, 7, 3, 0, 6, 1, 5, 2], [4, 7, 3, 0, 6, 1, 5, 2], [4, 7, 3, 0, 6, 1, 5, 2], [3, 1, 6, 4, 0, 7, 5, 2], [4, 2, 7, 3, 6, 0, 5, 1]] 
Generation 963 (7) (U.S: 5) -> [[3, 7, 0, 4, 6, 1, 5, 2], [4, 7, 3, 0, 6, 1, 5, 2], [4, 7, 3, 0, 6, 1, 5, 2], [4, 7, 3, 0, 6, 1, 5, 2], [3, 1, 6, 4, 0, 7, 5, 2], [2, 6, 1, 7, 5, 3, 0, 4], [4, 2, 7, 3, 6, 0, 5, 1]] 
Generation 964 (7) (U.S: 5) -> [[3, 7, 0, 4, 6, 1, 5, 2], [4, 7, 3, 0, 6, 1, 5, 2], [4, 7, 3, 0, 6, 1, 5, 2], [4, 7, 3, 0, 6, 1, 5, 2], [3, 1, 6, 4, 0, 7, 5, 2], [2, 6, 1, 7, 5, 3, 0, 4], [4, 2, 7, 3, 6, 0, 5, 1]] 
Generation 965 (7) (U.S: 5) -> [[3, 7, 0, 4, 6, 1, 5, 2], [4, 7, 3, 0, 6, 1, 5, 2], [4, 7, 3, 0, 6, 1, 5, 2], [4, 7, 3, 0, 6, 1, 5, 2], [3, 1, 6, 4, 0, 7, 5, 2], [2, 6, 1, 7, 5, 3, 0, 4], [4, 2, 7, 3, 6, 0, 5, 1]] 
Generation 966 (7) (U.S: 5) -> [[3, 7, 0, 4, 6, 1, 5, 2], [4, 7, 3, 0, 6, 1, 5, 2], [4, 7, 3, 0, 6, 1, 5, 2], [4, 7, 3, 0, 6, 1, 5, 2], [3, 1, 6, 4, 0, 7, 5, 2], [2, 6, 1, 7, 5, 3, 0, 4], [4, 2, 7, 3, 6, 0, 5, 1]] 
Generation 967 (7) (U.S: 5) -> [[3, 7, 0, 4, 6, 1, 5, 2], [4, 7, 3, 0, 6, 1, 5, 2], [4, 7, 3, 0, 6, 1, 5, 2], [4, 7, 3, 0, 6, 1, 5, 2], [3, 1, 6, 4, 0, 7, 5, 2], [2, 6, 1, 7, 5, 3, 0, 4], [4, 2, 7, 3, 6, 0, 5, 1]] 
Generation 968 (7) (U.S: 5) -> [[3, 7, 0, 4, 6, 1, 5, 2], [4, 7, 3, 0, 6, 1, 5, 2], [4, 7, 3, 0, 6, 1, 5, 2], [4, 7, 3, 0, 6, 1, 5, 2], [3, 1, 6, 4, 0, 7, 5, 2], [2, 6, 1, 7, 5, 3, 0, 4], [4, 2, 7, 3, 6, 0, 5, 1]] 
Generation 969 (7) (U.S: 5) -> [[3, 7, 0, 4, 6, 1, 5, 2], [4, 7, 3, 0, 6, 1, 5, 2], [4, 7, 3, 0, 6, 1, 5, 2], [4, 7, 3, 0, 6, 1, 5, 2], [3, 1, 6, 4, 0, 7, 5, 2], [2, 6, 1, 7, 5, 3, 0, 4], [4, 2, 7, 3, 6, 0, 5, 1]] 
Generation 970 (7) (U.S: 5) -> [[3, 7, 0, 4, 6, 1, 5, 2], [4, 7, 3, 0, 6, 1, 5, 2], [4, 7, 3, 0, 6, 1, 5, 2], [4, 7, 3, 0, 6, 1, 5, 2], [3, 1, 6, 4, 0, 7, 5, 2], [2, 6, 1, 7, 5, 3, 0, 4], [4, 2, 7, 3, 6, 0, 5, 1]] 
Generation 971 (7) (U.S: 5) -> [[3, 7, 0, 4, 6, 1, 5, 2], [4, 7, 3, 0, 6, 1, 5, 2], [4, 7, 3, 0, 6, 1, 5, 2], [4, 7, 3, 0, 6, 1, 5, 2], [3, 1, 6, 4, 0, 7, 5, 2], [2, 6, 1, 7, 5, 3, 0, 4], [4, 2, 7, 3, 6, 0, 5, 1]] 
Generation 972 (7) (U.S: 5) -> [[3, 7, 0, 4, 6, 1, 5, 2], [4, 7, 3, 0, 6, 1, 5, 2], [4, 7, 3, 0, 6, 1, 5, 2], [4, 7, 3, 0, 6, 1, 5, 2], [3, 1, 6, 4, 0, 7, 5, 2], [2, 6, 1, 7, 5, 3, 0, 4], [4, 2, 7, 3, 6, 0, 5, 1]] 
Generation 973 (7) (U.S: 5) -> [[3, 7, 0, 4, 6, 1, 5, 2], [4, 7, 3, 0, 6, 1, 5, 2], [4, 7, 3, 0, 6, 1, 5, 2], [4, 7, 3, 0, 6, 1, 5, 2], [3, 1, 6, 4, 0, 7, 5, 2], [2, 6, 1, 7, 5, 3, 0, 4], [4, 2, 7, 3, 6, 0, 5, 1]] 
Generation 974 (7) (U.S: 5) -> [[3, 7, 0, 4, 6, 1, 5, 2], [4, 7, 3, 0, 6, 1, 5, 2], [4, 7, 3, 0, 6, 1, 5, 2], [4, 7, 3, 0, 6, 1, 5, 2], [3, 1, 6, 4, 0, 7, 5, 2], [2, 6, 1, 7, 5, 3, 0, 4], [4, 2, 7, 3, 6, 0, 5, 1]] 
Generation 975 (7) (U.S: 5) -> [[3, 7, 0, 4, 6, 1, 5, 2], [4, 7, 3, 0, 6, 1, 5, 2], [4, 7, 3, 0, 6, 1, 5, 2], [4, 7, 3, 0, 6, 1, 5, 2], [3, 1, 6, 4, 0, 7, 5, 2], [2, 6, 1, 7, 5, 3, 0, 4], [4, 2, 7, 3, 6, 0, 5, 1]] 
Generation 976 (7) (U.S: 5) -> [[3, 7, 0, 4, 6, 1, 5, 2], [4, 7, 3, 0, 6, 1, 5, 2], [4, 7, 3, 0, 6, 1, 5, 2], [4, 7, 3, 0, 6, 1, 5, 2], [3, 1, 6, 4, 0, 7, 5, 2], [2, 6, 1, 7, 5, 3, 0, 4], [4, 2, 7, 3, 6, 0, 5, 1]] 
Generation 977 (7) (U.S: 5) -> [[3, 7, 0, 4, 6, 1, 5, 2], [4, 7, 3, 0, 6, 1, 5, 2], [4, 7, 3, 0, 6, 1, 5, 2], [4, 7, 3, 0, 6, 1, 5, 2], [3, 1, 6, 4, 0, 7, 5, 2], [2, 6, 1, 7, 5, 3, 0, 4], [4, 2, 7, 3, 6, 0, 5, 1]] 
Generation 978 (7) (U.S: 5) -> [[3, 7, 0, 4, 6, 1, 5, 2], [4, 7, 3, 0, 6, 1, 5, 2], [4, 7, 3, 0, 6, 1, 5, 2], [4, 7, 3, 0, 6, 1, 5, 2], [3, 1, 6, 4, 0, 7, 5, 2], [2, 6, 1, 7, 5, 3, 0, 4], [4, 2, 7, 3, 6, 0, 5, 1]] 
Generation 979 (7) (U.S: 5) -> [[3, 7, 0, 4, 6, 1, 5, 2], [4, 7, 3, 0, 6, 1, 5, 2], [4, 7, 3, 0, 6, 1, 5, 2], [4, 7, 3, 0, 6, 1, 5, 2], [3, 1, 6, 4, 0, 7, 5, 2], [2, 6, 1, 7, 5, 3, 0, 4], [4, 2, 7, 3, 6, 0, 5, 1]] 
Generation 980 (7) (U.S: 5) -> [[3, 7, 0, 4, 6, 1, 5, 2], [4, 7, 3, 0, 6, 1, 5, 2], [4, 7, 3, 0, 6, 1, 5, 2], [4, 7, 3, 0, 6, 1, 5, 2], [3, 1, 6, 4, 0, 7, 5, 2], [2, 6, 1, 7, 5, 3, 0, 4], [4, 2, 7, 3, 6, 0, 5, 1]] 
Generation 981 (7) (U.S: 5) -> [[3, 7, 0, 4, 6, 1, 5, 2], [4, 7, 3, 0, 6, 1, 5, 2], [4, 7, 3, 0, 6, 1, 5, 2], [4, 7, 3, 0, 6, 1, 5, 2], [3, 1, 6, 4, 0, 7, 5, 2], [2, 6, 1, 7, 5, 3, 0, 4], [4, 2, 7, 3, 6, 0, 5, 1]] 
Generation 982 (7) (U.S: 5) -> [[3, 7, 0, 4, 6, 1, 5, 2], [4, 7, 3, 0, 6, 1, 5, 2], [4, 7, 3, 0, 6, 1, 5, 2], [4, 7, 3, 0, 6, 1, 5, 2], [3, 1, 6, 4, 0, 7, 5, 2], [2, 6, 1, 7, 5, 3, 0, 4], [4, 2, 7, 3, 6, 0, 5, 1]] 
Generation 983 (7) (U.S: 5) -> [[3, 7, 0, 4, 6, 1, 5, 2], [4, 7, 3, 0, 6, 1, 5, 2], [4, 7, 3, 0, 6, 1, 5, 2], [4, 7, 3, 0, 6, 1, 5, 2], [3, 1, 6, 4, 0, 7, 5, 2], [2, 6, 1, 7, 5, 3, 0, 4], [4, 2, 7, 3, 6, 0, 5, 1]] 
Generation 984 (7) (U.S: 5) -> [[3, 7, 0, 4, 6, 1, 5, 2], [4, 7, 3, 0, 6, 1, 5, 2], [4, 7, 3, 0, 6, 1, 5, 2], [4, 7, 3, 0, 6, 1, 5, 2], [3, 1, 6, 4, 0, 7, 5, 2], [2, 6, 1, 7, 5, 3, 0, 4], [4, 2, 7, 3, 6, 0, 5, 1]] 
Generation 985 (7) (U.S: 5) -> [[3, 7, 0, 4, 6, 1, 5, 2], [4, 7, 3, 0, 6, 1, 5, 2], [4, 7, 3, 0, 6, 1, 5, 2], [4, 7, 3, 0, 6, 1, 5, 2], [3, 1, 6, 4, 0, 7, 5, 2], [2, 6, 1, 7, 5, 3, 0, 4], [4, 2, 7, 3, 6, 0, 5, 1]] 
Generation 986 (7) (U.S: 5) -> [[3, 7, 0, 4, 6, 1, 5, 2], [4, 7, 3, 0, 6, 1, 5, 2], [4, 7, 3, 0, 6, 1, 5, 2], [4, 7, 3, 0, 6, 1, 5, 2], [3, 1, 6, 4, 0, 7, 5, 2], [2, 6, 1, 7, 5, 3, 0, 4], [4, 2, 7, 3, 6, 0, 5, 1]] 
Generation 987 (7) (U.S: 5) -> [[3, 7, 0, 4, 6, 1, 5, 2], [4, 7, 3, 0, 6, 1, 5, 2], [4, 7, 3, 0, 6, 1, 5, 2], [4, 7, 3, 0, 6, 1, 5, 2], [3, 1, 6, 4, 0, 7, 5, 2], [2, 6, 1, 7, 5, 3, 0, 4], [4, 2, 7, 3, 6, 0, 5, 1]] 
Generation 988 (7) (U.S: 5) -> [[3, 7, 0, 4, 6, 1, 5, 2], [4, 7, 3, 0, 6, 1, 5, 2], [4, 7, 3, 0, 6, 1, 5, 2], [4, 7, 3, 0, 6, 1, 5, 2], [3, 1, 6, 4, 0, 7, 5, 2], [2, 6, 1, 7, 5, 3, 0, 4], [4, 2, 7, 3, 6, 0, 5, 1]] 
Generation 989 (7) (U.S: 5) -> [[3, 7, 0, 4, 6, 1, 5, 2], [4, 7, 3, 0, 6, 1, 5, 2], [4, 7, 3, 0, 6, 1, 5, 2], [4, 7, 3, 0, 6, 1, 5, 2], [3, 1, 6, 4, 0, 7, 5, 2], [2, 6, 1, 7, 5, 3, 0, 4], [4, 2, 7, 3, 6, 0, 5, 1]] 
Generation 990 (7) (U.S: 5) -> [[3, 7, 0, 4, 6, 1, 5, 2], [4, 7, 3, 0, 6, 1, 5, 2], [4, 7, 3, 0, 6, 1, 5, 2], [4, 7, 3, 0, 6, 1, 5, 2], [3, 1, 6, 4, 0, 7, 5, 2], [2, 6, 1, 7, 5, 3, 0, 4], [4, 2, 7, 3, 6, 0, 5, 1]] 
Generation 991 (7) (U.S: 5) -> [[3, 7, 0, 4, 6, 1, 5, 2], [4, 7, 3, 0, 6, 1, 5, 2], [4, 7, 3, 0, 6, 1, 5, 2], [4, 7, 3, 0, 6, 1, 5, 2], [3, 1, 6, 4, 0, 7, 5, 2], [2, 6, 1, 7, 5, 3, 0, 4], [4, 2, 7, 3, 6, 0, 5, 1]] 
Generation 992 (7) (U.S: 5) -> [[3, 7, 0, 4, 6, 1, 5, 2], [4, 7, 3, 0, 6, 1, 5, 2], [4, 7, 3, 0, 6, 1, 5, 2], [4, 7, 3, 0, 6, 1, 5, 2], [3, 1, 6, 4, 0, 7, 5, 2], [2, 6, 1, 7, 5, 3, 0, 4], [4, 2, 7, 3, 6, 0, 5, 1]] 
Generation 993 (7) (U.S: 5) -> [[3, 7, 0, 4, 6, 1, 5, 2], [4, 7, 3, 0, 6, 1, 5, 2], [4, 7, 3, 0, 6, 1, 5, 2], [4, 7, 3, 0, 6, 1, 5, 2], [3, 1, 6, 4, 0, 7, 5, 2], [2, 6, 1, 7, 5, 3, 0, 4], [4, 2, 7, 3, 6, 0, 5, 1]] 
Generation 994 (7) (U.S: 5) -> [[3, 7, 0, 4, 6, 1, 5, 2], [4, 7, 3, 0, 6, 1, 5, 2], [4, 7, 3, 0, 6, 1, 5, 2], [4, 7, 3, 0, 6, 1, 5, 2], [3, 1, 6, 4, 0, 7, 5, 2], [2, 6, 1, 7, 5, 3, 0, 4], [4, 2, 7, 3, 6, 0, 5, 1]] 
Generation 995 (7) (U.S: 5) -> [[3, 7, 0, 4, 6, 1, 5, 2], [4, 7, 3, 0, 6, 1, 5, 2], [4, 7, 3, 0, 6, 1, 5, 2], [4, 7, 3, 0, 6, 1, 5, 2], [3, 1, 6, 4, 0, 7, 5, 2], [2, 6, 1, 7, 5, 3, 0, 4], [4, 2, 7, 3, 6, 0, 5, 1]] 
Generation 996 (7) (U.S: 5) -> [[3, 7, 0, 4, 6, 1, 5, 2], [4, 7, 3, 0, 6, 1, 5, 2], [4, 7, 3, 0, 6, 1, 5, 2], [4, 7, 3, 0, 6, 1, 5, 2], [3, 1, 6, 4, 0, 7, 5, 2], [2, 6, 1, 7, 5, 3, 0, 4], [4, 2, 7, 3, 6, 0, 5, 1]] 
Generation 997 (7) (U.S: 5) -> [[3, 7, 0, 4, 6, 1, 5, 2], [4, 7, 3, 0, 6, 1, 5, 2], [4, 7, 3, 0, 6, 1, 5, 2], [4, 7, 3, 0, 6, 1, 5, 2], [3, 1, 6, 4, 0, 7, 5, 2], [2, 6, 1, 7, 5, 3, 0, 4], [4, 2, 7, 3, 6, 0, 5, 1]] 
Generation 998 (7) (U.S: 5) -> [[3, 7, 0, 4, 6, 1, 5, 2], [4, 7, 3, 0, 6, 1, 5, 2], [4, 7, 3, 0, 6, 1, 5, 2], [4, 7, 3, 0, 6, 1, 5, 2], [3, 1, 6, 4, 0, 7, 5, 2], [2, 6, 1, 7, 5, 3, 0, 4], [4, 2, 7, 3, 6, 0, 5, 1]] 
Generation 999 (7) (U.S: 5) -> [[3, 7, 0, 4, 6, 1, 5, 2], [4, 7, 3, 0, 6, 1, 5, 2], [4, 7, 3, 0, 6, 1, 5, 2], [4, 7, 3, 0, 6, 1, 5, 2], [3, 1, 6, 4, 0, 7, 5, 2], [2, 6, 1, 7, 5, 3, 0, 4], [4, 2, 7, 3, 6, 0, 5, 1]] 
Generation 1000 (7) (U.S: 5) -> [[3, 7, 0, 4, 6, 1, 5, 2], [4, 7, 3, 0, 6, 1, 5, 2], [4, 7, 3, 0, 6, 1, 5, 2], [4, 7, 3, 0, 6, 1, 5, 2], [3, 1, 6, 4, 0, 7, 5, 2], [2, 6, 1, 7, 5, 3, 0, 4], [4, 2, 7, 3, 6, 0, 5, 1]] 
------------------------------------ 
