Objective Function: Diversity 
lengthPopulation: 100 
lengthChromosome: 8 
lengthMatingPool: 80 
generations:  500 
------------------------------------ 
Selection Method: Tournament 
Reproduction Method: Cross and mutation 
Replacement Selection Method: Weakest Replacement 

Results: 
Generation 58 (1) (U.S: 1) -> [[0, 6, 3, 5, 7, 1, 4, 2]] 
Generation 59 (1) (U.S: 1) -> [[0, 6, 3, 5, 7, 1, 4, 2]] 
Generation 60 (1) (U.S: 1) -> [[0, 6, 3, 5, 7, 1, 4, 2]] 
Generation 61 (1) (U.S: 1) -> [[0, 6, 3, 5, 7, 1, 4, 2]] 
Generation 62 (1) (U.S: 1) -> [[0, 6, 3, 5, 7, 1, 4, 2]] 
Generation 63 (1) (U.S: 1) -> [[0, 6, 3, 5, 7, 1, 4, 2]] 
Generation 64 (1) (U.S: 1) -> [[0, 6, 3, 5, 7, 1, 4, 2]] 
Generation 65 (1) (U.S: 1) -> [[0, 6, 3, 5, 7, 1, 4, 2]] 
Generation 66 (1) (U.S: 1) -> [[0, 6, 3, 5, 7, 1, 4, 2]] 
Generation 67 (1) (U.S: 1) -> [[0, 6, 3, 5, 7, 1, 4, 2]] 
Generation 68 (1) (U.S: 1) -> [[0, 6, 3, 5, 7, 1, 4, 2]] 
Generation 69 (1) (U.S: 1) -> [[0, 6, 3, 5, 7, 1, 4, 2]] 
Generation 70 (1) (U.S: 1) -> [[0, 6, 3, 5, 7, 1, 4, 2]] 
Generation 71 (1) (U.S: 1) -> [[0, 6, 3, 5, 7, 1, 4, 2]] 
Generation 72 (1) (U.S: 1) -> [[0, 6, 3, 5, 7, 1, 4, 2]] 
Generation 73 (1) (U.S: 1) -> [[0, 6, 3, 5, 7, 1, 4, 2]] 
Generation 74 (1) (U.S: 1) -> [[0, 6, 3, 5, 7, 1, 4, 2]] 
Generation 75 (1) (U.S: 1) -> [[0, 6, 3, 5, 7, 1, 4, 2]] 
Generation 76 (1) (U.S: 1) -> [[0, 6, 3, 5, 7, 1, 4, 2]] 
Generation 77 (1) (U.S: 1) -> [[0, 6, 3, 5, 7, 1, 4, 2]] 
Generation 78 (1) (U.S: 1) -> [[0, 6, 3, 5, 7, 1, 4, 2]] 
Generation 79 (1) (U.S: 1) -> [[0, 6, 3, 5, 7, 1, 4, 2]] 
Generation 80 (1) (U.S: 1) -> [[0, 6, 3, 5, 7, 1, 4, 2]] 
Generation 81 (1) (U.S: 1) -> [[0, 6, 3, 5, 7, 1, 4, 2]] 
Generation 82 (1) (U.S: 1) -> [[0, 6, 3, 5, 7, 1, 4, 2]] 
Generation 83 (1) (U.S: 1) -> [[0, 6, 3, 5, 7, 1, 4, 2]] 
Generation 84 (1) (U.S: 1) -> [[0, 6, 3, 5, 7, 1, 4, 2]] 
Generation 85 (1) (U.S: 1) -> [[0, 6, 3, 5, 7, 1, 4, 2]] 
Generation 86 (1) (U.S: 1) -> [[0, 6, 3, 5, 7, 1, 4, 2]] 
Generation 87 (1) (U.S: 1) -> [[0, 6, 3, 5, 7, 1, 4, 2]] 
Generation 88 (1) (U.S: 1) -> [[0, 6, 3, 5, 7, 1, 4, 2]] 
Generation 89 (1) (U.S: 1) -> [[0, 6, 3, 5, 7, 1, 4, 2]] 
Generation 90 (1) (U.S: 1) -> [[0, 6, 3, 5, 7, 1, 4, 2]] 
Generation 91 (1) (U.S: 1) -> [[0, 6, 3, 5, 7, 1, 4, 2]] 
Generation 92 (1) (U.S: 1) -> [[0, 6, 3, 5, 7, 1, 4, 2]] 
Generation 93 (1) (U.S: 1) -> [[0, 6, 3, 5, 7, 1, 4, 2]] 
Generation 94 (1) (U.S: 1) -> [[0, 6, 3, 5, 7, 1, 4, 2]] 
Generation 95 (1) (U.S: 1) -> [[0, 6, 3, 5, 7, 1, 4, 2]] 
Generation 96 (1) (U.S: 1) -> [[0, 6, 3, 5, 7, 1, 4, 2]] 
Generation 97 (1) (U.S: 1) -> [[0, 6, 3, 5, 7, 1, 4, 2]] 
Generation 98 (1) (U.S: 1) -> [[0, 6, 3, 5, 7, 1, 4, 2]] 
Generation 99 (1) (U.S: 1) -> [[0, 6, 3, 5, 7, 1, 4, 2]] 
Generation 100 (1) (U.S: 1) -> [[0, 6, 3, 5, 7, 1, 4, 2]] 
Generation 101 (1) (U.S: 1) -> [[0, 6, 3, 5, 7, 1, 4, 2]] 
Generation 102 (1) (U.S: 1) -> [[0, 6, 3, 5, 7, 1, 4, 2]] 
Generation 103 (1) (U.S: 1) -> [[0, 6, 3, 5, 7, 1, 4, 2]] 
Generation 104 (1) (U.S: 1) -> [[0, 6, 3, 5, 7, 1, 4, 2]] 
Generation 105 (1) (U.S: 1) -> [[0, 6, 3, 5, 7, 1, 4, 2]] 
Generation 106 (1) (U.S: 1) -> [[0, 6, 3, 5, 7, 1, 4, 2]] 
Generation 107 (1) (U.S: 1) -> [[0, 6, 3, 5, 7, 1, 4, 2]] 
Generation 108 (1) (U.S: 1) -> [[0, 6, 3, 5, 7, 1, 4, 2]] 
Generation 109 (1) (U.S: 1) -> [[0, 6, 3, 5, 7, 1, 4, 2]] 
Generation 110 (1) (U.S: 1) -> [[0, 6, 3, 5, 7, 1, 4, 2]] 
Generation 111 (1) (U.S: 1) -> [[0, 6, 3, 5, 7, 1, 4, 2]] 
Generation 112 (1) (U.S: 1) -> [[0, 6, 3, 5, 7, 1, 4, 2]] 
Generation 113 (1) (U.S: 1) -> [[0, 6, 3, 5, 7, 1, 4, 2]] 
Generation 114 (1) (U.S: 1) -> [[0, 6, 3, 5, 7, 1, 4, 2]] 
Generation 115 (1) (U.S: 1) -> [[0, 6, 3, 5, 7, 1, 4, 2]] 
Generation 116 (1) (U.S: 1) -> [[0, 6, 3, 5, 7, 1, 4, 2]] 
Generation 117 (1) (U.S: 1) -> [[0, 6, 3, 5, 7, 1, 4, 2]] 
Generation 118 (1) (U.S: 1) -> [[0, 6, 3, 5, 7, 1, 4, 2]] 
Generation 119 (1) (U.S: 1) -> [[0, 6, 3, 5, 7, 1, 4, 2]] 
Generation 120 (1) (U.S: 1) -> [[0, 6, 3, 5, 7, 1, 4, 2]] 
Generation 121 (1) (U.S: 1) -> [[0, 6, 3, 5, 7, 1, 4, 2]] 
Generation 122 (1) (U.S: 1) -> [[0, 6, 3, 5, 7, 1, 4, 2]] 
Generation 123 (1) (U.S: 1) -> [[0, 6, 3, 5, 7, 1, 4, 2]] 
Generation 124 (1) (U.S: 1) -> [[0, 6, 3, 5, 7, 1, 4, 2]] 
Generation 125 (1) (U.S: 1) -> [[0, 6, 3, 5, 7, 1, 4, 2]] 
Generation 126 (1) (U.S: 1) -> [[0, 6, 3, 5, 7, 1, 4, 2]] 
Generation 127 (1) (U.S: 1) -> [[0, 6, 3, 5, 7, 1, 4, 2]] 
Generation 128 (1) (U.S: 1) -> [[0, 6, 3, 5, 7, 1, 4, 2]] 
Generation 129 (1) (U.S: 1) -> [[0, 6, 3, 5, 7, 1, 4, 2]] 
Generation 130 (1) (U.S: 1) -> [[0, 6, 3, 5, 7, 1, 4, 2]] 
Generation 131 (1) (U.S: 1) -> [[0, 6, 3, 5, 7, 1, 4, 2]] 
Generation 132 (1) (U.S: 1) -> [[0, 6, 3, 5, 7, 1, 4, 2]] 
Generation 133 (1) (U.S: 1) -> [[0, 6, 3, 5, 7, 1, 4, 2]] 
Generation 134 (1) (U.S: 1) -> [[0, 6, 3, 5, 7, 1, 4, 2]] 
Generation 135 (1) (U.S: 1) -> [[0, 6, 3, 5, 7, 1, 4, 2]] 
Generation 136 (1) (U.S: 1) -> [[0, 6, 3, 5, 7, 1, 4, 2]] 
Generation 137 (1) (U.S: 1) -> [[0, 6, 3, 5, 7, 1, 4, 2]] 
Generation 138 (1) (U.S: 1) -> [[0, 6, 3, 5, 7, 1, 4, 2]] 
Generation 139 (1) (U.S: 1) -> [[0, 6, 3, 5, 7, 1, 4, 2]] 
Generation 140 (1) (U.S: 1) -> [[0, 6, 3, 5, 7, 1, 4, 2]] 
Generation 141 (1) (U.S: 1) -> [[0, 6, 3, 5, 7, 1, 4, 2]] 
Generation 142 (1) (U.S: 1) -> [[0, 6, 3, 5, 7, 1, 4, 2]] 
Generation 143 (1) (U.S: 1) -> [[0, 6, 3, 5, 7, 1, 4, 2]] 
Generation 144 (1) (U.S: 1) -> [[0, 6, 3, 5, 7, 1, 4, 2]] 
Generation 145 (1) (U.S: 1) -> [[0, 6, 3, 5, 7, 1, 4, 2]] 
Generation 146 (1) (U.S: 1) -> [[0, 6, 3, 5, 7, 1, 4, 2]] 
Generation 147 (1) (U.S: 1) -> [[0, 6, 3, 5, 7, 1, 4, 2]] 
Generation 148 (1) (U.S: 1) -> [[0, 6, 3, 5, 7, 1, 4, 2]] 
Generation 149 (1) (U.S: 1) -> [[0, 6, 3, 5, 7, 1, 4, 2]] 
Generation 150 (1) (U.S: 1) -> [[0, 6, 3, 5, 7, 1, 4, 2]] 
Generation 151 (1) (U.S: 1) -> [[0, 6, 3, 5, 7, 1, 4, 2]] 
Generation 152 (1) (U.S: 1) -> [[0, 6, 3, 5, 7, 1, 4, 2]] 
Generation 153 (1) (U.S: 1) -> [[0, 6, 3, 5, 7, 1, 4, 2]] 
Generation 154 (1) (U.S: 1) -> [[0, 6, 3, 5, 7, 1, 4, 2]] 
Generation 155 (1) (U.S: 1) -> [[0, 6, 3, 5, 7, 1, 4, 2]] 
Generation 156 (1) (U.S: 1) -> [[0, 6, 3, 5, 7, 1, 4, 2]] 
Generation 157 (1) (U.S: 1) -> [[0, 6, 3, 5, 7, 1, 4, 2]] 
Generation 158 (1) (U.S: 1) -> [[0, 6, 3, 5, 7, 1, 4, 2]] 
Generation 159 (1) (U.S: 1) -> [[0, 6, 3, 5, 7, 1, 4, 2]] 
Generation 160 (1) (U.S: 1) -> [[0, 6, 3, 5, 7, 1, 4, 2]] 
Generation 161 (1) (U.S: 1) -> [[0, 6, 3, 5, 7, 1, 4, 2]] 
Generation 162 (1) (U.S: 1) -> [[0, 6, 3, 5, 7, 1, 4, 2]] 
Generation 163 (1) (U.S: 1) -> [[0, 6, 3, 5, 7, 1, 4, 2]] 
Generation 164 (1) (U.S: 1) -> [[0, 6, 3, 5, 7, 1, 4, 2]] 
Generation 165 (1) (U.S: 1) -> [[0, 6, 3, 5, 7, 1, 4, 2]] 
Generation 166 (1) (U.S: 1) -> [[0, 6, 3, 5, 7, 1, 4, 2]] 
Generation 167 (1) (U.S: 1) -> [[0, 6, 3, 5, 7, 1, 4, 2]] 
Generation 168 (1) (U.S: 1) -> [[0, 6, 3, 5, 7, 1, 4, 2]] 
Generation 169 (1) (U.S: 1) -> [[0, 6, 3, 5, 7, 1, 4, 2]] 
Generation 170 (1) (U.S: 1) -> [[0, 6, 3, 5, 7, 1, 4, 2]] 
Generation 171 (1) (U.S: 1) -> [[0, 6, 3, 5, 7, 1, 4, 2]] 
Generation 172 (1) (U.S: 1) -> [[0, 6, 3, 5, 7, 1, 4, 2]] 
Generation 173 (1) (U.S: 1) -> [[0, 6, 3, 5, 7, 1, 4, 2]] 
Generation 174 (1) (U.S: 1) -> [[0, 6, 3, 5, 7, 1, 4, 2]] 
Generation 175 (1) (U.S: 1) -> [[0, 6, 3, 5, 7, 1, 4, 2]] 
Generation 176 (1) (U.S: 1) -> [[0, 6, 3, 5, 7, 1, 4, 2]] 
Generation 177 (1) (U.S: 1) -> [[0, 6, 3, 5, 7, 1, 4, 2]] 
Generation 178 (1) (U.S: 1) -> [[0, 6, 3, 5, 7, 1, 4, 2]] 
Generation 179 (1) (U.S: 1) -> [[0, 6, 3, 5, 7, 1, 4, 2]] 
Generation 180 (1) (U.S: 1) -> [[0, 6, 3, 5, 7, 1, 4, 2]] 
Generation 181 (1) (U.S: 1) -> [[0, 6, 3, 5, 7, 1, 4, 2]] 
Generation 182 (1) (U.S: 1) -> [[0, 6, 3, 5, 7, 1, 4, 2]] 
Generation 183 (1) (U.S: 1) -> [[0, 6, 3, 5, 7, 1, 4, 2]] 
Generation 184 (1) (U.S: 1) -> [[0, 6, 3, 5, 7, 1, 4, 2]] 
Generation 185 (1) (U.S: 1) -> [[0, 6, 3, 5, 7, 1, 4, 2]] 
Generation 186 (1) (U.S: 1) -> [[0, 6, 3, 5, 7, 1, 4, 2]] 
Generation 187 (1) (U.S: 1) -> [[0, 6, 3, 5, 7, 1, 4, 2]] 
Generation 188 (1) (U.S: 1) -> [[0, 6, 3, 5, 7, 1, 4, 2]] 
Generation 189 (1) (U.S: 1) -> [[0, 6, 3, 5, 7, 1, 4, 2]] 
Generation 190 (1) (U.S: 1) -> [[0, 6, 3, 5, 7, 1, 4, 2]] 
Generation 191 (1) (U.S: 1) -> [[0, 6, 3, 5, 7, 1, 4, 2]] 
Generation 192 (1) (U.S: 1) -> [[0, 6, 3, 5, 7, 1, 4, 2]] 
Generation 193 (1) (U.S: 1) -> [[0, 6, 3, 5, 7, 1, 4, 2]] 
Generation 194 (1) (U.S: 1) -> [[0, 6, 3, 5, 7, 1, 4, 2]] 
Generation 195 (1) (U.S: 1) -> [[0, 6, 3, 5, 7, 1, 4, 2]] 
Generation 196 (1) (U.S: 1) -> [[0, 6, 3, 5, 7, 1, 4, 2]] 
Generation 197 (1) (U.S: 1) -> [[0, 6, 3, 5, 7, 1, 4, 2]] 
Generation 198 (1) (U.S: 1) -> [[0, 6, 3, 5, 7, 1, 4, 2]] 
Generation 199 (1) (U.S: 1) -> [[0, 6, 3, 5, 7, 1, 4, 2]] 
Generation 200 (1) (U.S: 1) -> [[0, 6, 3, 5, 7, 1, 4, 2]] 
Generation 201 (1) (U.S: 1) -> [[0, 6, 3, 5, 7, 1, 4, 2]] 
Generation 202 (1) (U.S: 1) -> [[0, 6, 3, 5, 7, 1, 4, 2]] 
Generation 203 (1) (U.S: 1) -> [[0, 6, 3, 5, 7, 1, 4, 2]] 
Generation 204 (1) (U.S: 1) -> [[0, 6, 3, 5, 7, 1, 4, 2]] 
Generation 205 (1) (U.S: 1) -> [[0, 6, 3, 5, 7, 1, 4, 2]] 
Generation 206 (1) (U.S: 1) -> [[0, 6, 3, 5, 7, 1, 4, 2]] 
Generation 207 (1) (U.S: 1) -> [[0, 6, 3, 5, 7, 1, 4, 2]] 
Generation 208 (1) (U.S: 1) -> [[0, 6, 3, 5, 7, 1, 4, 2]] 
Generation 209 (1) (U.S: 1) -> [[0, 6, 3, 5, 7, 1, 4, 2]] 
Generation 210 (1) (U.S: 1) -> [[0, 6, 3, 5, 7, 1, 4, 2]] 
Generation 211 (1) (U.S: 1) -> [[0, 6, 3, 5, 7, 1, 4, 2]] 
Generation 212 (1) (U.S: 1) -> [[0, 6, 3, 5, 7, 1, 4, 2]] 
Generation 213 (1) (U.S: 1) -> [[0, 6, 3, 5, 7, 1, 4, 2]] 
Generation 214 (1) (U.S: 1) -> [[0, 6, 3, 5, 7, 1, 4, 2]] 
Generation 215 (1) (U.S: 1) -> [[0, 6, 3, 5, 7, 1, 4, 2]] 
Generation 216 (1) (U.S: 1) -> [[0, 6, 3, 5, 7, 1, 4, 2]] 
Generation 217 (1) (U.S: 1) -> [[0, 6, 3, 5, 7, 1, 4, 2]] 
Generation 218 (1) (U.S: 1) -> [[0, 6, 3, 5, 7, 1, 4, 2]] 
Generation 219 (1) (U.S: 1) -> [[0, 6, 3, 5, 7, 1, 4, 2]] 
Generation 220 (1) (U.S: 1) -> [[0, 6, 3, 5, 7, 1, 4, 2]] 
Generation 221 (1) (U.S: 1) -> [[0, 6, 3, 5, 7, 1, 4, 2]] 
Generation 222 (1) (U.S: 1) -> [[0, 6, 3, 5, 7, 1, 4, 2]] 
Generation 223 (1) (U.S: 1) -> [[0, 6, 3, 5, 7, 1, 4, 2]] 
Generation 224 (1) (U.S: 1) -> [[0, 6, 3, 5, 7, 1, 4, 2]] 
Generation 225 (1) (U.S: 1) -> [[0, 6, 3, 5, 7, 1, 4, 2]] 
Generation 226 (1) (U.S: 1) -> [[0, 6, 3, 5, 7, 1, 4, 2]] 
Generation 227 (1) (U.S: 1) -> [[0, 6, 3, 5, 7, 1, 4, 2]] 
Generation 228 (1) (U.S: 1) -> [[0, 6, 3, 5, 7, 1, 4, 2]] 
Generation 229 (1) (U.S: 1) -> [[0, 6, 3, 5, 7, 1, 4, 2]] 
Generation 230 (1) (U.S: 1) -> [[0, 6, 3, 5, 7, 1, 4, 2]] 
Generation 231 (1) (U.S: 1) -> [[0, 6, 3, 5, 7, 1, 4, 2]] 
Generation 232 (1) (U.S: 1) -> [[0, 6, 3, 5, 7, 1, 4, 2]] 
Generation 233 (1) (U.S: 1) -> [[0, 6, 3, 5, 7, 1, 4, 2]] 
Generation 234 (1) (U.S: 1) -> [[0, 6, 3, 5, 7, 1, 4, 2]] 
Generation 235 (1) (U.S: 1) -> [[0, 6, 3, 5, 7, 1, 4, 2]] 
Generation 236 (1) (U.S: 1) -> [[0, 6, 3, 5, 7, 1, 4, 2]] 
Generation 237 (1) (U.S: 1) -> [[0, 6, 3, 5, 7, 1, 4, 2]] 
Generation 238 (1) (U.S: 1) -> [[0, 6, 3, 5, 7, 1, 4, 2]] 
Generation 239 (1) (U.S: 1) -> [[0, 6, 3, 5, 7, 1, 4, 2]] 
Generation 240 (1) (U.S: 1) -> [[0, 6, 3, 5, 7, 1, 4, 2]] 
Generation 241 (1) (U.S: 1) -> [[0, 6, 3, 5, 7, 1, 4, 2]] 
Generation 242 (1) (U.S: 1) -> [[0, 6, 3, 5, 7, 1, 4, 2]] 
Generation 243 (1) (U.S: 1) -> [[0, 6, 3, 5, 7, 1, 4, 2]] 
Generation 244 (1) (U.S: 1) -> [[0, 6, 3, 5, 7, 1, 4, 2]] 
Generation 245 (1) (U.S: 1) -> [[0, 6, 3, 5, 7, 1, 4, 2]] 
Generation 246 (1) (U.S: 1) -> [[0, 6, 3, 5, 7, 1, 4, 2]] 
Generation 247 (1) (U.S: 1) -> [[0, 6, 3, 5, 7, 1, 4, 2]] 
Generation 248 (1) (U.S: 1) -> [[0, 6, 3, 5, 7, 1, 4, 2]] 
Generation 249 (1) (U.S: 1) -> [[0, 6, 3, 5, 7, 1, 4, 2]] 
Generation 250 (1) (U.S: 1) -> [[0, 6, 3, 5, 7, 1, 4, 2]] 
Generation 251 (1) (U.S: 1) -> [[0, 6, 3, 5, 7, 1, 4, 2]] 
Generation 252 (1) (U.S: 1) -> [[0, 6, 3, 5, 7, 1, 4, 2]] 
Generation 253 (1) (U.S: 1) -> [[0, 6, 3, 5, 7, 1, 4, 2]] 
Generation 254 (1) (U.S: 1) -> [[0, 6, 3, 5, 7, 1, 4, 2]] 
Generation 255 (1) (U.S: 1) -> [[0, 6, 3, 5, 7, 1, 4, 2]] 
Generation 256 (1) (U.S: 1) -> [[0, 6, 3, 5, 7, 1, 4, 2]] 
Generation 257 (1) (U.S: 1) -> [[0, 6, 3, 5, 7, 1, 4, 2]] 
Generation 258 (1) (U.S: 1) -> [[0, 6, 3, 5, 7, 1, 4, 2]] 
Generation 259 (1) (U.S: 1) -> [[0, 6, 3, 5, 7, 1, 4, 2]] 
Generation 260 (1) (U.S: 1) -> [[0, 6, 3, 5, 7, 1, 4, 2]] 
Generation 261 (1) (U.S: 1) -> [[0, 6, 3, 5, 7, 1, 4, 2]] 
Generation 262 (1) (U.S: 1) -> [[0, 6, 3, 5, 7, 1, 4, 2]] 
Generation 263 (1) (U.S: 1) -> [[0, 6, 3, 5, 7, 1, 4, 2]] 
Generation 264 (1) (U.S: 1) -> [[0, 6, 3, 5, 7, 1, 4, 2]] 
Generation 265 (1) (U.S: 1) -> [[0, 6, 3, 5, 7, 1, 4, 2]] 
Generation 266 (1) (U.S: 1) -> [[0, 6, 3, 5, 7, 1, 4, 2]] 
Generation 267 (1) (U.S: 1) -> [[0, 6, 3, 5, 7, 1, 4, 2]] 
Generation 268 (1) (U.S: 1) -> [[0, 6, 3, 5, 7, 1, 4, 2]] 
Generation 269 (1) (U.S: 1) -> [[0, 6, 3, 5, 7, 1, 4, 2]] 
Generation 270 (1) (U.S: 1) -> [[0, 6, 3, 5, 7, 1, 4, 2]] 
Generation 271 (1) (U.S: 1) -> [[0, 6, 3, 5, 7, 1, 4, 2]] 
Generation 272 (1) (U.S: 1) -> [[0, 6, 3, 5, 7, 1, 4, 2]] 
Generation 273 (1) (U.S: 1) -> [[0, 6, 3, 5, 7, 1, 4, 2]] 
Generation 274 (1) (U.S: 1) -> [[0, 6, 3, 5, 7, 1, 4, 2]] 
Generation 275 (1) (U.S: 1) -> [[0, 6, 3, 5, 7, 1, 4, 2]] 
Generation 276 (1) (U.S: 1) -> [[0, 6, 3, 5, 7, 1, 4, 2]] 
Generation 277 (1) (U.S: 1) -> [[0, 6, 3, 5, 7, 1, 4, 2]] 
Generation 278 (1) (U.S: 1) -> [[0, 6, 3, 5, 7, 1, 4, 2]] 
Generation 279 (1) (U.S: 1) -> [[0, 6, 3, 5, 7, 1, 4, 2]] 
Generation 280 (1) (U.S: 1) -> [[0, 6, 3, 5, 7, 1, 4, 2]] 
Generation 281 (1) (U.S: 1) -> [[0, 6, 3, 5, 7, 1, 4, 2]] 
Generation 282 (1) (U.S: 1) -> [[0, 6, 3, 5, 7, 1, 4, 2]] 
Generation 283 (1) (U.S: 1) -> [[0, 6, 3, 5, 7, 1, 4, 2]] 
Generation 284 (1) (U.S: 1) -> [[0, 6, 3, 5, 7, 1, 4, 2]] 
Generation 285 (1) (U.S: 1) -> [[0, 6, 3, 5, 7, 1, 4, 2]] 
Generation 286 (1) (U.S: 1) -> [[0, 6, 3, 5, 7, 1, 4, 2]] 
Generation 287 (1) (U.S: 1) -> [[0, 6, 3, 5, 7, 1, 4, 2]] 
Generation 288 (1) (U.S: 1) -> [[0, 6, 3, 5, 7, 1, 4, 2]] 
Generation 289 (1) (U.S: 1) -> [[0, 6, 3, 5, 7, 1, 4, 2]] 
Generation 290 (1) (U.S: 1) -> [[0, 6, 3, 5, 7, 1, 4, 2]] 
Generation 291 (1) (U.S: 1) -> [[0, 6, 3, 5, 7, 1, 4, 2]] 
Generation 292 (1) (U.S: 1) -> [[0, 6, 3, 5, 7, 1, 4, 2]] 
Generation 293 (1) (U.S: 1) -> [[0, 6, 3, 5, 7, 1, 4, 2]] 
Generation 294 (1) (U.S: 1) -> [[0, 6, 3, 5, 7, 1, 4, 2]] 
Generation 295 (1) (U.S: 1) -> [[0, 6, 3, 5, 7, 1, 4, 2]] 
Generation 296 (1) (U.S: 1) -> [[0, 6, 3, 5, 7, 1, 4, 2]] 
Generation 297 (1) (U.S: 1) -> [[0, 6, 3, 5, 7, 1, 4, 2]] 
Generation 298 (1) (U.S: 1) -> [[0, 6, 3, 5, 7, 1, 4, 2]] 
Generation 299 (1) (U.S: 1) -> [[0, 6, 3, 5, 7, 1, 4, 2]] 
Generation 300 (1) (U.S: 1) -> [[0, 6, 3, 5, 7, 1, 4, 2]] 
Generation 301 (1) (U.S: 1) -> [[0, 6, 3, 5, 7, 1, 4, 2]] 
Generation 302 (1) (U.S: 1) -> [[0, 6, 3, 5, 7, 1, 4, 2]] 
Generation 303 (1) (U.S: 1) -> [[0, 6, 3, 5, 7, 1, 4, 2]] 
Generation 304 (1) (U.S: 1) -> [[0, 6, 3, 5, 7, 1, 4, 2]] 
Generation 305 (1) (U.S: 1) -> [[0, 6, 3, 5, 7, 1, 4, 2]] 
Generation 306 (1) (U.S: 1) -> [[0, 6, 3, 5, 7, 1, 4, 2]] 
Generation 307 (1) (U.S: 1) -> [[0, 6, 3, 5, 7, 1, 4, 2]] 
Generation 308 (1) (U.S: 1) -> [[0, 6, 3, 5, 7, 1, 4, 2]] 
Generation 309 (1) (U.S: 1) -> [[0, 6, 3, 5, 7, 1, 4, 2]] 
Generation 310 (1) (U.S: 1) -> [[0, 6, 3, 5, 7, 1, 4, 2]] 
Generation 311 (1) (U.S: 1) -> [[0, 6, 3, 5, 7, 1, 4, 2]] 
Generation 312 (1) (U.S: 1) -> [[0, 6, 3, 5, 7, 1, 4, 2]] 
Generation 313 (1) (U.S: 1) -> [[0, 6, 3, 5, 7, 1, 4, 2]] 
Generation 314 (1) (U.S: 1) -> [[0, 6, 3, 5, 7, 1, 4, 2]] 
Generation 315 (1) (U.S: 1) -> [[0, 6, 3, 5, 7, 1, 4, 2]] 
Generation 316 (1) (U.S: 1) -> [[0, 6, 3, 5, 7, 1, 4, 2]] 
Generation 317 (1) (U.S: 1) -> [[0, 6, 3, 5, 7, 1, 4, 2]] 
Generation 318 (1) (U.S: 1) -> [[0, 6, 3, 5, 7, 1, 4, 2]] 
Generation 319 (1) (U.S: 1) -> [[0, 6, 3, 5, 7, 1, 4, 2]] 
Generation 320 (1) (U.S: 1) -> [[0, 6, 3, 5, 7, 1, 4, 2]] 
Generation 321 (1) (U.S: 1) -> [[0, 6, 3, 5, 7, 1, 4, 2]] 
Generation 322 (1) (U.S: 1) -> [[0, 6, 3, 5, 7, 1, 4, 2]] 
Generation 323 (1) (U.S: 1) -> [[0, 6, 3, 5, 7, 1, 4, 2]] 
Generation 324 (1) (U.S: 1) -> [[0, 6, 3, 5, 7, 1, 4, 2]] 
Generation 325 (1) (U.S: 1) -> [[0, 6, 3, 5, 7, 1, 4, 2]] 
Generation 326 (1) (U.S: 1) -> [[0, 6, 3, 5, 7, 1, 4, 2]] 
Generation 327 (1) (U.S: 1) -> [[0, 6, 3, 5, 7, 1, 4, 2]] 
Generation 328 (1) (U.S: 1) -> [[0, 6, 3, 5, 7, 1, 4, 2]] 
Generation 329 (1) (U.S: 1) -> [[0, 6, 3, 5, 7, 1, 4, 2]] 
Generation 330 (1) (U.S: 1) -> [[0, 6, 3, 5, 7, 1, 4, 2]] 
Generation 331 (1) (U.S: 1) -> [[0, 6, 3, 5, 7, 1, 4, 2]] 
Generation 332 (1) (U.S: 1) -> [[0, 6, 3, 5, 7, 1, 4, 2]] 
Generation 333 (1) (U.S: 1) -> [[0, 6, 3, 5, 7, 1, 4, 2]] 
Generation 334 (1) (U.S: 1) -> [[0, 6, 3, 5, 7, 1, 4, 2]] 
Generation 335 (1) (U.S: 1) -> [[0, 6, 3, 5, 7, 1, 4, 2]] 
Generation 336 (1) (U.S: 1) -> [[0, 6, 3, 5, 7, 1, 4, 2]] 
Generation 337 (1) (U.S: 1) -> [[0, 6, 3, 5, 7, 1, 4, 2]] 
Generation 338 (1) (U.S: 1) -> [[0, 6, 3, 5, 7, 1, 4, 2]] 
Generation 339 (1) (U.S: 1) -> [[0, 6, 3, 5, 7, 1, 4, 2]] 
Generation 340 (1) (U.S: 1) -> [[0, 6, 3, 5, 7, 1, 4, 2]] 
Generation 341 (1) (U.S: 1) -> [[0, 6, 3, 5, 7, 1, 4, 2]] 
Generation 342 (1) (U.S: 1) -> [[0, 6, 3, 5, 7, 1, 4, 2]] 
Generation 343 (1) (U.S: 1) -> [[0, 6, 3, 5, 7, 1, 4, 2]] 
Generation 344 (1) (U.S: 1) -> [[0, 6, 3, 5, 7, 1, 4, 2]] 
Generation 345 (1) (U.S: 1) -> [[0, 6, 3, 5, 7, 1, 4, 2]] 
Generation 346 (1) (U.S: 1) -> [[0, 6, 3, 5, 7, 1, 4, 2]] 
Generation 347 (1) (U.S: 1) -> [[0, 6, 3, 5, 7, 1, 4, 2]] 
Generation 348 (1) (U.S: 1) -> [[0, 6, 3, 5, 7, 1, 4, 2]] 
Generation 349 (1) (U.S: 1) -> [[0, 6, 3, 5, 7, 1, 4, 2]] 
Generation 350 (1) (U.S: 1) -> [[0, 6, 3, 5, 7, 1, 4, 2]] 
Generation 351 (1) (U.S: 1) -> [[0, 6, 3, 5, 7, 1, 4, 2]] 
Generation 352 (1) (U.S: 1) -> [[0, 6, 3, 5, 7, 1, 4, 2]] 
Generation 353 (1) (U.S: 1) -> [[0, 6, 3, 5, 7, 1, 4, 2]] 
Generation 354 (1) (U.S: 1) -> [[0, 6, 3, 5, 7, 1, 4, 2]] 
Generation 355 (1) (U.S: 1) -> [[0, 6, 3, 5, 7, 1, 4, 2]] 
Generation 356 (1) (U.S: 1) -> [[0, 6, 3, 5, 7, 1, 4, 2]] 
Generation 357 (1) (U.S: 1) -> [[0, 6, 3, 5, 7, 1, 4, 2]] 
Generation 358 (1) (U.S: 1) -> [[0, 6, 3, 5, 7, 1, 4, 2]] 
Generation 359 (1) (U.S: 1) -> [[0, 6, 3, 5, 7, 1, 4, 2]] 
Generation 360 (1) (U.S: 1) -> [[0, 6, 3, 5, 7, 1, 4, 2]] 
Generation 361 (1) (U.S: 1) -> [[0, 6, 3, 5, 7, 1, 4, 2]] 
Generation 362 (1) (U.S: 1) -> [[0, 6, 3, 5, 7, 1, 4, 2]] 
Generation 363 (1) (U.S: 1) -> [[0, 6, 3, 5, 7, 1, 4, 2]] 
Generation 364 (1) (U.S: 1) -> [[0, 6, 3, 5, 7, 1, 4, 2]] 
Generation 365 (1) (U.S: 1) -> [[0, 6, 3, 5, 7, 1, 4, 2]] 
Generation 366 (1) (U.S: 1) -> [[0, 6, 3, 5, 7, 1, 4, 2]] 
Generation 367 (1) (U.S: 1) -> [[0, 6, 3, 5, 7, 1, 4, 2]] 
Generation 368 (1) (U.S: 1) -> [[0, 6, 3, 5, 7, 1, 4, 2]] 
Generation 369 (1) (U.S: 1) -> [[0, 6, 3, 5, 7, 1, 4, 2]] 
Generation 370 (1) (U.S: 1) -> [[0, 6, 3, 5, 7, 1, 4, 2]] 
Generation 371 (1) (U.S: 1) -> [[0, 6, 3, 5, 7, 1, 4, 2]] 
Generation 372 (1) (U.S: 1) -> [[0, 6, 3, 5, 7, 1, 4, 2]] 
Generation 373 (1) (U.S: 1) -> [[0, 6, 3, 5, 7, 1, 4, 2]] 
Generation 374 (1) (U.S: 1) -> [[0, 6, 3, 5, 7, 1, 4, 2]] 
Generation 375 (1) (U.S: 1) -> [[0, 6, 3, 5, 7, 1, 4, 2]] 
Generation 376 (1) (U.S: 1) -> [[0, 6, 3, 5, 7, 1, 4, 2]] 
Generation 377 (1) (U.S: 1) -> [[0, 6, 3, 5, 7, 1, 4, 2]] 
Generation 378 (1) (U.S: 1) -> [[0, 6, 3, 5, 7, 1, 4, 2]] 
Generation 379 (1) (U.S: 1) -> [[0, 6, 3, 5, 7, 1, 4, 2]] 
Generation 380 (1) (U.S: 1) -> [[0, 6, 3, 5, 7, 1, 4, 2]] 
Generation 381 (1) (U.S: 1) -> [[0, 6, 3, 5, 7, 1, 4, 2]] 
Generation 382 (1) (U.S: 1) -> [[0, 6, 3, 5, 7, 1, 4, 2]] 
Generation 383 (1) (U.S: 1) -> [[0, 6, 3, 5, 7, 1, 4, 2]] 
Generation 384 (1) (U.S: 1) -> [[0, 6, 3, 5, 7, 1, 4, 2]] 
Generation 385 (1) (U.S: 1) -> [[0, 6, 3, 5, 7, 1, 4, 2]] 
Generation 386 (1) (U.S: 1) -> [[0, 6, 3, 5, 7, 1, 4, 2]] 
Generation 387 (1) (U.S: 1) -> [[0, 6, 3, 5, 7, 1, 4, 2]] 
Generation 388 (1) (U.S: 1) -> [[0, 6, 3, 5, 7, 1, 4, 2]] 
Generation 389 (1) (U.S: 1) -> [[0, 6, 3, 5, 7, 1, 4, 2]] 
Generation 390 (1) (U.S: 1) -> [[0, 6, 3, 5, 7, 1, 4, 2]] 
Generation 391 (1) (U.S: 1) -> [[0, 6, 3, 5, 7, 1, 4, 2]] 
Generation 392 (1) (U.S: 1) -> [[0, 6, 3, 5, 7, 1, 4, 2]] 
Generation 393 (1) (U.S: 1) -> [[0, 6, 3, 5, 7, 1, 4, 2]] 
Generation 394 (1) (U.S: 1) -> [[0, 6, 3, 5, 7, 1, 4, 2]] 
Generation 395 (1) (U.S: 1) -> [[0, 6, 3, 5, 7, 1, 4, 2]] 
Generation 396 (1) (U.S: 1) -> [[0, 6, 3, 5, 7, 1, 4, 2]] 
Generation 397 (1) (U.S: 1) -> [[0, 6, 3, 5, 7, 1, 4, 2]] 
Generation 398 (1) (U.S: 1) -> [[0, 6, 3, 5, 7, 1, 4, 2]] 
Generation 399 (1) (U.S: 1) -> [[0, 6, 3, 5, 7, 1, 4, 2]] 
Generation 400 (1) (U.S: 1) -> [[0, 6, 3, 5, 7, 1, 4, 2]] 
Generation 401 (1) (U.S: 1) -> [[0, 6, 3, 5, 7, 1, 4, 2]] 
Generation 402 (1) (U.S: 1) -> [[0, 6, 3, 5, 7, 1, 4, 2]] 
Generation 403 (1) (U.S: 1) -> [[0, 6, 3, 5, 7, 1, 4, 2]] 
Generation 404 (1) (U.S: 1) -> [[0, 6, 3, 5, 7, 1, 4, 2]] 
Generation 405 (1) (U.S: 1) -> [[0, 6, 3, 5, 7, 1, 4, 2]] 
Generation 406 (1) (U.S: 1) -> [[0, 6, 3, 5, 7, 1, 4, 2]] 
Generation 407 (1) (U.S: 1) -> [[0, 6, 3, 5, 7, 1, 4, 2]] 
Generation 408 (1) (U.S: 1) -> [[0, 6, 3, 5, 7, 1, 4, 2]] 
Generation 409 (1) (U.S: 1) -> [[0, 6, 3, 5, 7, 1, 4, 2]] 
Generation 410 (1) (U.S: 1) -> [[0, 6, 3, 5, 7, 1, 4, 2]] 
Generation 411 (1) (U.S: 1) -> [[0, 6, 3, 5, 7, 1, 4, 2]] 
Generation 412 (1) (U.S: 1) -> [[0, 6, 3, 5, 7, 1, 4, 2]] 
Generation 413 (1) (U.S: 1) -> [[0, 6, 3, 5, 7, 1, 4, 2]] 
Generation 414 (1) (U.S: 1) -> [[0, 6, 3, 5, 7, 1, 4, 2]] 
Generation 415 (1) (U.S: 1) -> [[0, 6, 3, 5, 7, 1, 4, 2]] 
Generation 416 (1) (U.S: 1) -> [[0, 6, 3, 5, 7, 1, 4, 2]] 
Generation 417 (1) (U.S: 1) -> [[0, 6, 3, 5, 7, 1, 4, 2]] 
Generation 418 (1) (U.S: 1) -> [[0, 6, 3, 5, 7, 1, 4, 2]] 
Generation 419 (1) (U.S: 1) -> [[0, 6, 3, 5, 7, 1, 4, 2]] 
Generation 420 (1) (U.S: 1) -> [[0, 6, 3, 5, 7, 1, 4, 2]] 
Generation 421 (1) (U.S: 1) -> [[0, 6, 3, 5, 7, 1, 4, 2]] 
Generation 422 (1) (U.S: 1) -> [[0, 6, 3, 5, 7, 1, 4, 2]] 
Generation 423 (1) (U.S: 1) -> [[0, 6, 3, 5, 7, 1, 4, 2]] 
Generation 424 (1) (U.S: 1) -> [[0, 6, 3, 5, 7, 1, 4, 2]] 
Generation 425 (1) (U.S: 1) -> [[0, 6, 3, 5, 7, 1, 4, 2]] 
Generation 426 (1) (U.S: 1) -> [[0, 6, 3, 5, 7, 1, 4, 2]] 
Generation 427 (1) (U.S: 1) -> [[0, 6, 3, 5, 7, 1, 4, 2]] 
Generation 428 (1) (U.S: 1) -> [[0, 6, 3, 5, 7, 1, 4, 2]] 
Generation 429 (1) (U.S: 1) -> [[0, 6, 3, 5, 7, 1, 4, 2]] 
Generation 430 (1) (U.S: 1) -> [[0, 6, 3, 5, 7, 1, 4, 2]] 
Generation 431 (1) (U.S: 1) -> [[0, 6, 3, 5, 7, 1, 4, 2]] 
Generation 432 (1) (U.S: 1) -> [[0, 6, 3, 5, 7, 1, 4, 2]] 
Generation 433 (1) (U.S: 1) -> [[0, 6, 3, 5, 7, 1, 4, 2]] 
Generation 434 (1) (U.S: 1) -> [[0, 6, 3, 5, 7, 1, 4, 2]] 
Generation 435 (1) (U.S: 1) -> [[0, 6, 3, 5, 7, 1, 4, 2]] 
Generation 436 (1) (U.S: 1) -> [[0, 6, 3, 5, 7, 1, 4, 2]] 
Generation 437 (1) (U.S: 1) -> [[0, 6, 3, 5, 7, 1, 4, 2]] 
Generation 438 (1) (U.S: 1) -> [[0, 6, 3, 5, 7, 1, 4, 2]] 
Generation 439 (1) (U.S: 1) -> [[0, 6, 3, 5, 7, 1, 4, 2]] 
Generation 440 (1) (U.S: 1) -> [[0, 6, 3, 5, 7, 1, 4, 2]] 
Generation 441 (1) (U.S: 1) -> [[0, 6, 3, 5, 7, 1, 4, 2]] 
Generation 442 (1) (U.S: 1) -> [[0, 6, 3, 5, 7, 1, 4, 2]] 
Generation 443 (1) (U.S: 1) -> [[0, 6, 3, 5, 7, 1, 4, 2]] 
Generation 444 (1) (U.S: 1) -> [[0, 6, 3, 5, 7, 1, 4, 2]] 
Generation 445 (1) (U.S: 1) -> [[0, 6, 3, 5, 7, 1, 4, 2]] 
Generation 446 (1) (U.S: 1) -> [[0, 6, 3, 5, 7, 1, 4, 2]] 
Generation 447 (1) (U.S: 1) -> [[0, 6, 3, 5, 7, 1, 4, 2]] 
Generation 448 (1) (U.S: 1) -> [[0, 6, 3, 5, 7, 1, 4, 2]] 
Generation 449 (1) (U.S: 1) -> [[0, 6, 3, 5, 7, 1, 4, 2]] 
Generation 450 (1) (U.S: 1) -> [[0, 6, 3, 5, 7, 1, 4, 2]] 
Generation 451 (1) (U.S: 1) -> [[0, 6, 3, 5, 7, 1, 4, 2]] 
Generation 452 (1) (U.S: 1) -> [[0, 6, 3, 5, 7, 1, 4, 2]] 
Generation 453 (1) (U.S: 1) -> [[0, 6, 3, 5, 7, 1, 4, 2]] 
Generation 454 (1) (U.S: 1) -> [[0, 6, 3, 5, 7, 1, 4, 2]] 
Generation 455 (1) (U.S: 1) -> [[0, 6, 3, 5, 7, 1, 4, 2]] 
Generation 456 (1) (U.S: 1) -> [[0, 6, 3, 5, 7, 1, 4, 2]] 
Generation 457 (1) (U.S: 1) -> [[0, 6, 3, 5, 7, 1, 4, 2]] 
Generation 458 (1) (U.S: 1) -> [[0, 6, 3, 5, 7, 1, 4, 2]] 
Generation 459 (1) (U.S: 1) -> [[0, 6, 3, 5, 7, 1, 4, 2]] 
Generation 460 (1) (U.S: 1) -> [[0, 6, 3, 5, 7, 1, 4, 2]] 
Generation 461 (1) (U.S: 1) -> [[0, 6, 3, 5, 7, 1, 4, 2]] 
Generation 462 (1) (U.S: 1) -> [[0, 6, 3, 5, 7, 1, 4, 2]] 
Generation 463 (1) (U.S: 1) -> [[0, 6, 3, 5, 7, 1, 4, 2]] 
Generation 464 (1) (U.S: 1) -> [[0, 6, 3, 5, 7, 1, 4, 2]] 
Generation 465 (1) (U.S: 1) -> [[0, 6, 3, 5, 7, 1, 4, 2]] 
Generation 466 (1) (U.S: 1) -> [[0, 6, 3, 5, 7, 1, 4, 2]] 
Generation 467 (1) (U.S: 1) -> [[0, 6, 3, 5, 7, 1, 4, 2]] 
Generation 468 (1) (U.S: 1) -> [[0, 6, 3, 5, 7, 1, 4, 2]] 
Generation 469 (1) (U.S: 1) -> [[0, 6, 3, 5, 7, 1, 4, 2]] 
Generation 470 (1) (U.S: 1) -> [[0, 6, 3, 5, 7, 1, 4, 2]] 
Generation 471 (1) (U.S: 1) -> [[0, 6, 3, 5, 7, 1, 4, 2]] 
Generation 472 (1) (U.S: 1) -> [[0, 6, 3, 5, 7, 1, 4, 2]] 
Generation 473 (1) (U.S: 1) -> [[0, 6, 3, 5, 7, 1, 4, 2]] 
Generation 474 (1) (U.S: 1) -> [[0, 6, 3, 5, 7, 1, 4, 2]] 
Generation 475 (1) (U.S: 1) -> [[0, 6, 3, 5, 7, 1, 4, 2]] 
Generation 476 (1) (U.S: 1) -> [[0, 6, 3, 5, 7, 1, 4, 2]] 
Generation 477 (1) (U.S: 1) -> [[0, 6, 3, 5, 7, 1, 4, 2]] 
Generation 478 (1) (U.S: 1) -> [[0, 6, 3, 5, 7, 1, 4, 2]] 
Generation 479 (1) (U.S: 1) -> [[0, 6, 3, 5, 7, 1, 4, 2]] 
Generation 480 (1) (U.S: 1) -> [[0, 6, 3, 5, 7, 1, 4, 2]] 
Generation 481 (1) (U.S: 1) -> [[0, 6, 3, 5, 7, 1, 4, 2]] 
Generation 482 (1) (U.S: 1) -> [[0, 6, 3, 5, 7, 1, 4, 2]] 
Generation 483 (1) (U.S: 1) -> [[0, 6, 3, 5, 7, 1, 4, 2]] 
Generation 484 (1) (U.S: 1) -> [[0, 6, 3, 5, 7, 1, 4, 2]] 
Generation 485 (1) (U.S: 1) -> [[0, 6, 3, 5, 7, 1, 4, 2]] 
Generation 486 (1) (U.S: 1) -> [[0, 6, 3, 5, 7, 1, 4, 2]] 
Generation 487 (1) (U.S: 1) -> [[0, 6, 3, 5, 7, 1, 4, 2]] 
Generation 488 (1) (U.S: 1) -> [[0, 6, 3, 5, 7, 1, 4, 2]] 
Generation 489 (1) (U.S: 1) -> [[0, 6, 3, 5, 7, 1, 4, 2]] 
Generation 490 (1) (U.S: 1) -> [[0, 6, 3, 5, 7, 1, 4, 2]] 
Generation 491 (1) (U.S: 1) -> [[0, 6, 3, 5, 7, 1, 4, 2]] 
Generation 492 (1) (U.S: 1) -> [[0, 6, 3, 5, 7, 1, 4, 2]] 
Generation 493 (1) (U.S: 1) -> [[0, 6, 3, 5, 7, 1, 4, 2]] 
Generation 494 (1) (U.S: 1) -> [[0, 6, 3, 5, 7, 1, 4, 2]] 
Generation 495 (1) (U.S: 1) -> [[0, 6, 3, 5, 7, 1, 4, 2]] 
Generation 496 (1) (U.S: 1) -> [[0, 6, 3, 5, 7, 1, 4, 2]] 
Generation 497 (1) (U.S: 1) -> [[0, 6, 3, 5, 7, 1, 4, 2]] 
Generation 498 (1) (U.S: 1) -> [[0, 6, 3, 5, 7, 1, 4, 2]] 
Generation 499 (1) (U.S: 1) -> [[0, 6, 3, 5, 7, 1, 4, 2]] 
Generation 500 (1) (U.S: 1) -> [[0, 6, 3, 5, 7, 1, 4, 2]] 
------------------------------------ 
The 1 solutions found are: 
0
6
3
5
7
1
4
2
