lengthPopulation: 100 
lengthChromosome: 8 
lengthMatingPool: 60 
generations:  400 
------------------------------------ 
Selection Method: Tournament 
Reproduction Method: Mutation 
Replacement Selection Method: Weakest Replacement 

Results: 
Generation 6 -> [[4, 0, 7, 5, 2, 6, 1, 3]]
Generation 7 -> [[4, 0, 7, 5, 2, 6, 1, 3]]
Generation 26 -> [[2, 5, 1, 4, 7, 0, 6, 3]]
Generation 27 -> [[2, 5, 1, 4, 7, 0, 6, 3]]
Generation 28 -> [[2, 5, 1, 4, 7, 0, 6, 3]]
Generation 29 -> [[2, 5, 1, 4, 7, 0, 6, 3]]
Generation 33 -> [[1, 4, 6, 0, 2, 7, 5, 3]]
Generation 34 -> [[1, 4, 6, 0, 2, 7, 5, 3]]
Generation 38 -> [[6, 1, 5, 2, 0, 3, 7, 4]]
Generation 50 -> [[4, 0, 7, 3, 1, 6, 2, 5]]
Generation 51 -> [[4, 0, 7, 3, 1, 6, 2, 5]]
Generation 52 -> [[4, 0, 7, 3, 1, 6, 2, 5]]
Generation 53 -> [[4, 0, 7, 3, 1, 6, 2, 5]]
Generation 54 -> [[4, 0, 7, 3, 1, 6, 2, 5]]
Generation 55 -> [[4, 2, 7, 3, 6, 0, 5, 1]]
Generation 56 -> [[4, 6, 1, 5, 2, 0, 7, 3], [4, 2, 7, 3, 6, 0, 5, 1]]
Generation 57 -> [[4, 2, 7, 3, 6, 0, 5, 1]]
Generation 61 -> [[3, 5, 7, 2, 0, 6, 4, 1]]
Generation 62 -> [[3, 5, 7, 2, 0, 6, 4, 1], [2, 5, 1, 4, 7, 0, 6, 3]]
Generation 63 -> [[3, 5, 7, 2, 0, 6, 4, 1]]
Generation 64 -> [[3, 5, 7, 2, 0, 6, 4, 1], [5, 1, 6, 0, 3, 7, 4, 2]]
Generation 65 -> [[3, 5, 7, 2, 0, 6, 4, 1], [3, 5, 7, 2, 0, 6, 4, 1], [5, 1, 6, 0, 3, 7, 4, 2]]
Generation 66 -> [[3, 5, 7, 2, 0, 6, 4, 1], [5, 1, 6, 0, 3, 7, 4, 2]]
Generation 67 -> [[3, 5, 7, 2, 0, 6, 4, 1]]
Generation 68 -> [[3, 5, 7, 2, 0, 6, 4, 1]]
Generation 69 -> [[3, 5, 7, 2, 0, 6, 4, 1], [3, 5, 7, 2, 0, 6, 4, 1]]
Generation 70 -> [[3, 5, 7, 2, 0, 6, 4, 1]]
Generation 71 -> [[3, 5, 7, 2, 0, 6, 4, 1]]
Generation 72 -> [[3, 5, 7, 2, 0, 6, 4, 1]]
Generation 73 -> [[3, 5, 7, 2, 0, 6, 4, 1]]
Generation 74 -> [[3, 5, 7, 2, 0, 6, 4, 1]]
Generation 75 -> [[3, 5, 7, 2, 0, 6, 4, 1]]
Generation 76 -> [[3, 5, 7, 2, 0, 6, 4, 1]]
Generation 77 -> [[3, 5, 7, 2, 0, 6, 4, 1]]
Generation 78 -> [[3, 5, 7, 2, 0, 6, 4, 1], [3, 5, 7, 2, 0, 6, 4, 1], [1, 4, 6, 0, 2, 7, 5, 3]]
Generation 79 -> [[3, 5, 7, 2, 0, 6, 4, 1]]
Generation 80 -> [[3, 5, 7, 2, 0, 6, 4, 1], [3, 5, 7, 2, 0, 6, 4, 1]]
Generation 81 -> [[3, 5, 7, 2, 0, 6, 4, 1]]
Generation 82 -> [[3, 5, 7, 2, 0, 6, 4, 1]]
Generation 83 -> [[3, 5, 7, 2, 0, 6, 4, 1], [1, 4, 6, 0, 2, 7, 5, 3], [0, 5, 7, 2, 6, 3, 1, 4]]
Generation 84 -> [[3, 5, 7, 2, 0, 6, 4, 1], [0, 4, 7, 5, 2, 6, 1, 3]]
Generation 86 -> [[4, 0, 7, 5, 2, 6, 1, 3]]
Generation 87 -> [[4, 0, 7, 5, 2, 6, 1, 3]]
Generation 88 -> [[6, 2, 7, 1, 4, 0, 5, 3]]
Generation 89 -> [[4, 7, 3, 0, 6, 1, 5, 2], [6, 2, 7, 1, 4, 0, 5, 3]]
Generation 90 -> [[4, 7, 3, 0, 6, 1, 5, 2]]
Generation 91 -> [[4, 7, 3, 0, 6, 1, 5, 2]]
Generation 92 -> [[4, 7, 3, 0, 6, 1, 5, 2]]
Generation 93 -> [[4, 7, 3, 0, 6, 1, 5, 2], [5, 2, 6, 1, 3, 7, 0, 4]]
Generation 94 -> [[4, 7, 3, 0, 6, 1, 5, 2]]
Generation 95 -> [[4, 7, 3, 0, 6, 1, 5, 2], [5, 1, 6, 0, 3, 7, 4, 2]]
Generation 96 -> [[4, 7, 3, 0, 6, 1, 5, 2]]
Generation 97 -> [[4, 7, 3, 0, 6, 1, 5, 2], [2, 4, 6, 0, 3, 1, 7, 5]]
Generation 98 -> [[4, 7, 3, 0, 6, 1, 5, 2]]
Generation 99 -> [[4, 7, 3, 0, 6, 1, 5, 2]]
Generation 100 -> [[4, 7, 3, 0, 6, 1, 5, 2]]
Generation 101 -> [[4, 7, 3, 0, 6, 1, 5, 2], [1, 4, 6, 0, 2, 7, 5, 3]]
Generation 102 -> [[4, 7, 3, 0, 6, 1, 5, 2], [1, 4, 6, 0, 2, 7, 5, 3]]
Generation 103 -> [[4, 7, 3, 0, 6, 1, 5, 2], [1, 4, 6, 0, 2, 7, 5, 3]]
Generation 104 -> [[4, 7, 3, 0, 6, 1, 5, 2], [1, 4, 6, 0, 2, 7, 5, 3]]
Generation 105 -> [[4, 7, 3, 0, 6, 1, 5, 2], [1, 4, 6, 0, 2, 7, 5, 3]]
Generation 106 -> [[4, 7, 3, 0, 6, 1, 5, 2], [1, 4, 6, 0, 2, 7, 5, 3]]
Generation 107 -> [[4, 7, 3, 0, 6, 1, 5, 2], [1, 4, 6, 0, 2, 7, 5, 3]]
Generation 108 -> [[4, 7, 3, 0, 6, 1, 5, 2]]
Generation 109 -> [[4, 7, 3, 0, 6, 1, 5, 2], [1, 4, 6, 3, 0, 7, 5, 2]]
Generation 110 -> [[4, 7, 3, 0, 6, 1, 5, 2], [4, 0, 7, 5, 2, 6, 1, 3]]
Generation 111 -> [[4, 7, 3, 0, 6, 1, 5, 2], [4, 0, 7, 5, 2, 6, 1, 3]]
Generation 112 -> [[4, 7, 3, 0, 6, 1, 5, 2]]
Generation 113 -> [[4, 7, 3, 0, 6, 1, 5, 2]]
Generation 114 -> [[4, 7, 3, 0, 6, 1, 5, 2]]
Generation 115 -> [[4, 7, 3, 0, 6, 1, 5, 2]]
Generation 116 -> [[4, 7, 3, 0, 6, 1, 5, 2], [4, 0, 7, 3, 1, 6, 2, 5]]
Generation 117 -> [[4, 7, 3, 0, 6, 1, 5, 2], [7, 2, 0, 5, 1, 4, 6, 3]]
Generation 118 -> [[4, 7, 3, 0, 6, 1, 5, 2], [7, 2, 0, 5, 1, 4, 6, 3]]
Generation 119 -> [[4, 7, 3, 0, 6, 1, 5, 2]]
Generation 120 -> [[4, 7, 3, 0, 6, 1, 5, 2]]
Generation 121 -> [[4, 7, 3, 0, 6, 1, 5, 2]]
Generation 122 -> [[4, 7, 3, 0, 6, 1, 5, 2], [7, 3, 0, 2, 5, 1, 6, 4]]
Generation 123 -> [[4, 7, 3, 0, 6, 1, 5, 2], [7, 3, 0, 2, 5, 1, 6, 4], [3, 7, 0, 2, 5, 1, 6, 4]]
Generation 124 -> [[4, 7, 3, 0, 6, 1, 5, 2], [7, 3, 0, 2, 5, 1, 6, 4], [3, 7, 0, 2, 5, 1, 6, 4]]
Generation 125 -> [[4, 7, 3, 0, 6, 1, 5, 2], [7, 3, 0, 2, 5, 1, 6, 4], [3, 7, 0, 2, 5, 1, 6, 4]]
Generation 126 -> [[4, 7, 3, 0, 6, 1, 5, 2], [7, 3, 0, 2, 5, 1, 6, 4]]
Generation 127 -> [[4, 7, 3, 0, 6, 1, 5, 2], [7, 3, 0, 2, 5, 1, 6, 4]]
Generation 128 -> [[4, 7, 3, 0, 6, 1, 5, 2], [7, 3, 0, 2, 5, 1, 6, 4]]
Generation 129 -> [[4, 7, 3, 0, 6, 1, 5, 2], [7, 3, 0, 2, 5, 1, 6, 4]]
Generation 130 -> [[4, 7, 3, 0, 6, 1, 5, 2], [7, 3, 0, 2, 5, 1, 6, 4]]
Generation 131 -> [[4, 7, 3, 0, 6, 1, 5, 2], [7, 3, 0, 2, 5, 1, 6, 4], [0, 6, 4, 7, 1, 3, 5, 2]]
Generation 132 -> [[4, 7, 3, 0, 6, 1, 5, 2], [7, 3, 0, 2, 5, 1, 6, 4]]
Generation 133 -> [[4, 7, 3, 0, 6, 1, 5, 2], [7, 3, 0, 2, 5, 1, 6, 4]]
Generation 134 -> [[4, 7, 3, 0, 6, 1, 5, 2], [7, 3, 0, 2, 5, 1, 6, 4], [1, 3, 5, 7, 2, 0, 6, 4]]
Generation 135 -> [[4, 7, 3, 0, 6, 1, 5, 2], [7, 3, 0, 2, 5, 1, 6, 4], [5, 3, 6, 0, 7, 1, 4, 2], [1, 3, 5, 7, 2, 0, 6, 4]]
Generation 136 -> [[4, 7, 3, 0, 6, 1, 5, 2], [7, 3, 0, 2, 5, 1, 6, 4], [5, 3, 6, 0, 7, 1, 4, 2], [4, 0, 7, 5, 2, 6, 1, 3]]
Generation 137 -> [[4, 7, 3, 0, 6, 1, 5, 2], [7, 3, 0, 2, 5, 1, 6, 4], [5, 3, 6, 0, 7, 1, 4, 2], [4, 0, 7, 5, 2, 6, 1, 3]]
Generation 138 -> [[4, 7, 3, 0, 6, 1, 5, 2], [7, 3, 0, 2, 5, 1, 6, 4], [5, 3, 6, 0, 7, 1, 4, 2], [4, 0, 7, 5, 2, 6, 1, 3]]
Generation 139 -> [[4, 7, 3, 0, 6, 1, 5, 2], [7, 3, 0, 2, 5, 1, 6, 4], [5, 3, 6, 0, 7, 1, 4, 2]]
Generation 140 -> [[4, 7, 3, 0, 6, 1, 5, 2], [7, 3, 0, 2, 5, 1, 6, 4], [5, 3, 6, 0, 7, 1, 4, 2]]
Generation 141 -> [[4, 7, 3, 0, 6, 1, 5, 2], [7, 3, 0, 2, 5, 1, 6, 4]]
Generation 142 -> [[4, 7, 3, 0, 6, 1, 5, 2], [7, 3, 0, 2, 5, 1, 6, 4]]
Generation 143 -> [[4, 7, 3, 0, 6, 1, 5, 2], [7, 3, 0, 2, 5, 1, 6, 4], [3, 7, 0, 2, 5, 1, 6, 4]]
Generation 144 -> [[4, 7, 3, 0, 6, 1, 5, 2], [7, 3, 0, 2, 5, 1, 6, 4], [3, 7, 0, 2, 5, 1, 6, 4]]
Generation 145 -> [[4, 7, 3, 0, 6, 1, 5, 2], [7, 3, 0, 2, 5, 1, 6, 4], [1, 4, 6, 3, 0, 7, 5, 2], [3, 7, 0, 2, 5, 1, 6, 4]]
Generation 146 -> [[4, 7, 3, 0, 6, 1, 5, 2], [7, 3, 0, 2, 5, 1, 6, 4], [1, 4, 6, 3, 0, 7, 5, 2], [3, 7, 0, 2, 5, 1, 6, 4]]
Generation 147 -> [[4, 7, 3, 0, 6, 1, 5, 2], [7, 3, 0, 2, 5, 1, 6, 4], [3, 7, 0, 2, 5, 1, 6, 4]]
Generation 148 -> [[4, 7, 3, 0, 6, 1, 5, 2], [7, 3, 0, 2, 5, 1, 6, 4], [1, 3, 5, 7, 2, 0, 6, 4], [5, 3, 6, 0, 7, 1, 4, 2], [3, 7, 0, 2, 5, 1, 6, 4]]
Generation 149 -> [[4, 7, 3, 0, 6, 1, 5, 2], [7, 3, 0, 2, 5, 1, 6, 4], [7, 3, 0, 2, 5, 1, 6, 4], [5, 3, 6, 0, 7, 1, 4, 2], [4, 7, 3, 0, 6, 1, 5, 2]]
Generation 150 -> [[4, 7, 3, 0, 6, 1, 5, 2], [7, 3, 0, 2, 5, 1, 6, 4], [7, 3, 0, 2, 5, 1, 6, 4], [5, 3, 6, 0, 7, 1, 4, 2], [4, 7, 3, 0, 6, 1, 5, 2]]
Generation 151 -> [[4, 7, 3, 0, 6, 1, 5, 2], [7, 3, 0, 2, 5, 1, 6, 4], [1, 4, 6, 3, 0, 7, 5, 2], [5, 3, 6, 0, 7, 1, 4, 2]]
Generation 152 -> [[4, 7, 3, 0, 6, 1, 5, 2], [7, 3, 0, 2, 5, 1, 6, 4], [5, 3, 6, 0, 7, 1, 4, 2], [5, 3, 6, 0, 7, 1, 4, 2]]
Generation 153 -> [[4, 7, 3, 0, 6, 1, 5, 2], [7, 3, 0, 2, 5, 1, 6, 4], [5, 3, 6, 0, 7, 1, 4, 2]]
Generation 154 -> [[4, 7, 3, 0, 6, 1, 5, 2], [7, 3, 0, 2, 5, 1, 6, 4], [5, 3, 6, 0, 7, 1, 4, 2], [3, 7, 0, 4, 6, 1, 5, 2], [5, 3, 6, 0, 7, 1, 4, 2], [1, 4, 6, 3, 0, 7, 5, 2]]
Generation 155 -> [[4, 7, 3, 0, 6, 1, 5, 2], [7, 3, 0, 2, 5, 1, 6, 4], [5, 3, 6, 0, 7, 1, 4, 2], [5, 3, 6, 0, 7, 1, 4, 2], [3, 7, 0, 4, 6, 1, 5, 2], [1, 4, 6, 3, 0, 7, 5, 2]]
Generation 156 -> [[4, 7, 3, 0, 6, 1, 5, 2], [7, 3, 0, 2, 5, 1, 6, 4], [3, 7, 0, 4, 6, 1, 5, 2], [1, 4, 6, 3, 0, 7, 5, 2]]
Generation 157 -> [[4, 7, 3, 0, 6, 1, 5, 2], [7, 3, 0, 2, 5, 1, 6, 4]]
Generation 158 -> [[4, 7, 3, 0, 6, 1, 5, 2], [7, 3, 0, 2, 5, 1, 6, 4]]
Generation 159 -> [[4, 7, 3, 0, 6, 1, 5, 2], [7, 3, 0, 2, 5, 1, 6, 4], [0, 6, 4, 7, 1, 3, 5, 2], [1, 4, 6, 3, 0, 7, 5, 2]]
Generation 160 -> [[4, 7, 3, 0, 6, 1, 5, 2], [7, 3, 0, 2, 5, 1, 6, 4], [0, 6, 4, 7, 1, 3, 5, 2], [1, 4, 6, 3, 0, 7, 5, 2]]
Generation 161 -> [[4, 7, 3, 0, 6, 1, 5, 2], [7, 3, 0, 2, 5, 1, 6, 4], [0, 6, 4, 7, 1, 3, 5, 2], [1, 4, 6, 3, 0, 7, 5, 2]]
Generation 162 -> [[4, 7, 3, 0, 6, 1, 5, 2], [7, 3, 0, 2, 5, 1, 6, 4], [0, 6, 4, 7, 1, 3, 5, 2], [1, 4, 6, 3, 0, 7, 5, 2]]
Generation 163 -> [[4, 7, 3, 0, 6, 1, 5, 2], [7, 3, 0, 2, 5, 1, 6, 4], [2, 7, 3, 6, 0, 5, 1, 4], [0, 6, 4, 7, 1, 3, 5, 2], [1, 4, 6, 3, 0, 7, 5, 2]]
Generation 164 -> [[4, 7, 3, 0, 6, 1, 5, 2], [7, 3, 0, 2, 5, 1, 6, 4], [2, 7, 3, 6, 0, 5, 1, 4], [0, 6, 4, 7, 1, 3, 5, 2], [1, 4, 6, 3, 0, 7, 5, 2]]
Generation 165 -> [[4, 7, 3, 0, 6, 1, 5, 2], [7, 3, 0, 2, 5, 1, 6, 4], [2, 7, 3, 6, 0, 5, 1, 4], [0, 6, 4, 7, 1, 3, 5, 2], [1, 4, 6, 3, 0, 7, 5, 2], [4, 6, 0, 2, 7, 5, 3, 1]]
Generation 166 -> [[4, 7, 3, 0, 6, 1, 5, 2], [7, 3, 0, 2, 5, 1, 6, 4], [1, 4, 6, 0, 2, 7, 5, 3], [0, 6, 4, 7, 1, 3, 5, 2], [1, 4, 6, 3, 0, 7, 5, 2]]
Generation 167 -> [[4, 7, 3, 0, 6, 1, 5, 2], [7, 3, 0, 2, 5, 1, 6, 4], [0, 6, 4, 7, 1, 3, 5, 2], [0, 6, 4, 7, 1, 3, 5, 2], [1, 4, 6, 3, 0, 7, 5, 2]]
Generation 168 -> [[4, 7, 3, 0, 6, 1, 5, 2], [7, 3, 0, 2, 5, 1, 6, 4], [0, 6, 4, 7, 1, 3, 5, 2], [0, 6, 4, 7, 1, 3, 5, 2], [1, 4, 6, 3, 0, 7, 5, 2], [1, 4, 6, 3, 0, 7, 5, 2]]
Generation 169 -> [[4, 7, 3, 0, 6, 1, 5, 2], [7, 3, 0, 2, 5, 1, 6, 4], [0, 6, 4, 7, 1, 3, 5, 2], [0, 6, 4, 7, 1, 3, 5, 2], [1, 4, 6, 3, 0, 7, 5, 2], [1, 4, 6, 3, 0, 7, 5, 2]]
Generation 170 -> [[4, 7, 3, 0, 6, 1, 5, 2], [7, 3, 0, 2, 5, 1, 6, 4], [0, 6, 4, 7, 1, 3, 5, 2], [1, 4, 6, 3, 0, 7, 5, 2], [1, 4, 6, 3, 0, 7, 5, 2]]
Generation 171 -> [[4, 7, 3, 0, 6, 1, 5, 2], [7, 3, 0, 2, 5, 1, 6, 4], [3, 7, 0, 2, 5, 1, 6, 4], [0, 6, 4, 7, 1, 3, 5, 2], [1, 4, 6, 3, 0, 7, 5, 2]]
Generation 172 -> [[4, 7, 3, 0, 6, 1, 5, 2], [7, 3, 0, 2, 5, 1, 6, 4], [1, 4, 6, 3, 0, 7, 5, 2], [0, 6, 4, 7, 1, 3, 5, 2], [1, 4, 6, 3, 0, 7, 5, 2]]
Generation 173 -> [[4, 7, 3, 0, 6, 1, 5, 2], [7, 3, 0, 2, 5, 1, 6, 4], [0, 6, 4, 7, 1, 3, 5, 2]]
Generation 174 -> [[4, 7, 3, 0, 6, 1, 5, 2], [7, 3, 0, 2, 5, 1, 6, 4], [0, 6, 4, 7, 1, 3, 5, 2], [1, 4, 6, 3, 0, 7, 5, 2], [0, 6, 4, 7, 1, 3, 5, 2]]
Generation 175 -> [[4, 7, 3, 0, 6, 1, 5, 2], [7, 3, 0, 2, 5, 1, 6, 4], [1, 4, 6, 3, 0, 7, 5, 2]]
Generation 176 -> [[4, 7, 3, 0, 6, 1, 5, 2], [7, 3, 0, 2, 5, 1, 6, 4], [1, 4, 6, 3, 0, 7, 5, 2]]
Generation 177 -> [[4, 7, 3, 0, 6, 1, 5, 2], [7, 3, 0, 2, 5, 1, 6, 4]]
Generation 178 -> [[4, 7, 3, 0, 6, 1, 5, 2], [7, 3, 0, 2, 5, 1, 6, 4]]
Generation 179 -> [[4, 7, 3, 0, 6, 1, 5, 2], [7, 3, 0, 2, 5, 1, 6, 4], [1, 4, 6, 3, 0, 7, 5, 2]]
Generation 180 -> [[4, 7, 3, 0, 6, 1, 5, 2], [7, 3, 0, 2, 5, 1, 6, 4]]
Generation 181 -> [[4, 7, 3, 0, 6, 1, 5, 2], [7, 3, 0, 2, 5, 1, 6, 4]]
Generation 182 -> [[4, 7, 3, 0, 6, 1, 5, 2], [7, 3, 0, 2, 5, 1, 6, 4], [4, 7, 3, 0, 6, 1, 5, 2], [0, 5, 7, 2, 6, 3, 1, 4], [1, 4, 6, 3, 0, 7, 5, 2]]
Generation 183 -> [[4, 7, 3, 0, 6, 1, 5, 2], [7, 3, 0, 2, 5, 1, 6, 4], [4, 7, 3, 0, 6, 1, 5, 2], [6, 4, 2, 0, 5, 7, 1, 3], [4, 7, 3, 0, 6, 1, 5, 2], [1, 4, 6, 3, 0, 7, 5, 2]]
Generation 184 -> [[4, 7, 3, 0, 6, 1, 5, 2], [7, 3, 0, 2, 5, 1, 6, 4], [4, 7, 3, 0, 6, 1, 5, 2], [4, 7, 3, 0, 6, 1, 5, 2], [1, 4, 6, 3, 0, 7, 5, 2]]
Generation 185 -> [[4, 7, 3, 0, 6, 1, 5, 2], [7, 3, 0, 2, 5, 1, 6, 4], [1, 4, 6, 3, 0, 7, 5, 2]]
Generation 186 -> [[4, 7, 3, 0, 6, 1, 5, 2], [7, 3, 0, 2, 5, 1, 6, 4], [1, 4, 6, 3, 0, 7, 5, 2]]
Generation 187 -> [[4, 7, 3, 0, 6, 1, 5, 2], [7, 3, 0, 2, 5, 1, 6, 4], [1, 4, 6, 3, 0, 7, 5, 2]]
Generation 188 -> [[4, 7, 3, 0, 6, 1, 5, 2], [7, 3, 0, 2, 5, 1, 6, 4], [4, 7, 3, 0, 2, 5, 1, 6], [5, 0, 4, 1, 7, 2, 6, 3], [1, 4, 6, 3, 0, 7, 5, 2]]
Generation 189 -> [[4, 7, 3, 0, 6, 1, 5, 2], [7, 3, 0, 2, 5, 1, 6, 4], [4, 7, 3, 0, 2, 5, 1, 6], [1, 4, 6, 3, 0, 7, 5, 2], [1, 4, 6, 3, 0, 7, 5, 2]]
Generation 190 -> [[4, 7, 3, 0, 6, 1, 5, 2], [7, 3, 0, 2, 5, 1, 6, 4], [4, 7, 3, 0, 2, 5, 1, 6], [1, 4, 6, 3, 0, 7, 5, 2], [1, 4, 6, 3, 0, 7, 5, 2]]
Generation 191 -> [[4, 7, 3, 0, 6, 1, 5, 2], [7, 3, 0, 2, 5, 1, 6, 4], [4, 7, 3, 0, 2, 5, 1, 6], [1, 4, 6, 3, 0, 7, 5, 2]]
Generation 192 -> [[4, 7, 3, 0, 6, 1, 5, 2], [7, 3, 0, 2, 5, 1, 6, 4], [4, 7, 3, 0, 2, 5, 1, 6], [1, 4, 6, 3, 0, 7, 5, 2]]
Generation 193 -> [[4, 7, 3, 0, 6, 1, 5, 2], [7, 3, 0, 2, 5, 1, 6, 4], [4, 7, 3, 0, 2, 5, 1, 6], [4, 7, 3, 0, 2, 5, 1, 6], [1, 4, 6, 3, 0, 7, 5, 2], [1, 4, 6, 3, 0, 7, 5, 2]]
Generation 194 -> [[4, 7, 3, 0, 6, 1, 5, 2], [7, 3, 0, 2, 5, 1, 6, 4], [4, 7, 3, 0, 2, 5, 1, 6], [1, 4, 6, 3, 0, 7, 5, 2], [1, 4, 6, 3, 0, 7, 5, 2]]
Generation 195 -> [[4, 7, 3, 0, 6, 1, 5, 2], [7, 3, 0, 2, 5, 1, 6, 4], [4, 7, 3, 0, 2, 5, 1, 6], [1, 4, 6, 3, 0, 7, 5, 2]]
Generation 196 -> [[4, 7, 3, 0, 6, 1, 5, 2], [7, 3, 0, 2, 5, 1, 6, 4], [4, 7, 3, 0, 2, 5, 1, 6], [1, 4, 6, 3, 0, 7, 5, 2], [1, 4, 6, 3, 0, 7, 5, 2]]
Generation 197 -> [[4, 7, 3, 0, 6, 1, 5, 2], [7, 3, 0, 2, 5, 1, 6, 4], [4, 7, 3, 0, 2, 5, 1, 6], [1, 4, 6, 3, 0, 7, 5, 2]]
Generation 198 -> [[4, 7, 3, 0, 6, 1, 5, 2], [7, 3, 0, 2, 5, 1, 6, 4], [4, 7, 3, 0, 2, 5, 1, 6], [1, 4, 6, 0, 2, 7, 5, 3], [1, 4, 6, 3, 0, 7, 5, 2], [1, 4, 6, 3, 0, 7, 5, 2]]
Generation 199 -> [[4, 7, 3, 0, 6, 1, 5, 2], [7, 3, 0, 2, 5, 1, 6, 4], [1, 4, 6, 0, 2, 7, 5, 3], [1, 4, 6, 3, 0, 7, 5, 2]]
Generation 200 -> [[4, 7, 3, 0, 6, 1, 5, 2], [7, 3, 0, 2, 5, 1, 6, 4], [1, 4, 6, 3, 0, 7, 5, 2]]
Generation 201 -> [[4, 7, 3, 0, 6, 1, 5, 2], [7, 3, 0, 2, 5, 1, 6, 4], [1, 4, 6, 3, 0, 7, 5, 2]]
Generation 202 -> [[4, 7, 3, 0, 6, 1, 5, 2], [7, 3, 0, 2, 5, 1, 6, 4], [1, 4, 6, 3, 0, 7, 5, 2]]
Generation 203 -> [[4, 7, 3, 0, 6, 1, 5, 2], [7, 3, 0, 2, 5, 1, 6, 4], [3, 1, 6, 4, 0, 7, 5, 2], [1, 4, 6, 3, 0, 7, 5, 2]]
Generation 204 -> [[4, 7, 3, 0, 6, 1, 5, 2], [7, 3, 0, 2, 5, 1, 6, 4], [3, 1, 6, 4, 0, 7, 5, 2], [1, 4, 6, 3, 0, 7, 5, 2]]
Generation 205 -> [[4, 7, 3, 0, 6, 1, 5, 2], [7, 3, 0, 2, 5, 1, 6, 4], [3, 1, 6, 4, 0, 7, 5, 2], [1, 4, 6, 3, 0, 7, 5, 2]]
Generation 206 -> [[4, 7, 3, 0, 6, 1, 5, 2], [7, 3, 0, 2, 5, 1, 6, 4], [3, 1, 6, 4, 0, 7, 5, 2], [1, 4, 6, 3, 0, 7, 5, 2]]
Generation 207 -> [[4, 7, 3, 0, 6, 1, 5, 2], [7, 3, 0, 2, 5, 1, 6, 4], [3, 1, 6, 4, 0, 7, 5, 2], [1, 4, 6, 3, 0, 7, 5, 2]]
Generation 208 -> [[4, 7, 3, 0, 6, 1, 5, 2], [7, 3, 0, 2, 5, 1, 6, 4], [3, 1, 6, 4, 0, 7, 5, 2], [1, 4, 6, 3, 0, 7, 5, 2]]
Generation 209 -> [[4, 7, 3, 0, 6, 1, 5, 2], [7, 3, 0, 2, 5, 1, 6, 4], [3, 1, 6, 4, 0, 7, 5, 2], [1, 4, 6, 3, 0, 7, 5, 2]]
Generation 210 -> [[4, 7, 3, 0, 6, 1, 5, 2], [7, 3, 0, 2, 5, 1, 6, 4], [3, 1, 6, 4, 0, 7, 5, 2], [3, 1, 6, 4, 0, 7, 5, 2], [5, 1, 6, 0, 3, 7, 4, 2], [1, 4, 6, 3, 0, 7, 5, 2]]
Generation 211 -> [[4, 7, 3, 0, 6, 1, 5, 2], [7, 3, 0, 2, 5, 1, 6, 4], [3, 1, 6, 4, 0, 7, 5, 2], [3, 1, 6, 4, 0, 7, 5, 2], [5, 1, 6, 0, 3, 7, 4, 2], [1, 4, 6, 3, 0, 7, 5, 2]]
Generation 212 -> [[4, 7, 3, 0, 6, 1, 5, 2], [7, 3, 0, 2, 5, 1, 6, 4], [3, 1, 6, 4, 0, 7, 5, 2], [1, 4, 6, 3, 0, 7, 5, 2]]
Generation 213 -> [[4, 7, 3, 0, 6, 1, 5, 2], [7, 3, 0, 2, 5, 1, 6, 4], [3, 1, 6, 4, 0, 7, 5, 2], [1, 4, 6, 3, 0, 7, 5, 2]]
Generation 214 -> [[4, 7, 3, 0, 6, 1, 5, 2], [7, 3, 0, 2, 5, 1, 6, 4], [3, 1, 6, 4, 0, 7, 5, 2], [1, 4, 6, 3, 0, 7, 5, 2]]
Generation 215 -> [[4, 7, 3, 0, 6, 1, 5, 2], [7, 3, 0, 2, 5, 1, 6, 4], [3, 1, 6, 4, 0, 7, 5, 2], [1, 4, 6, 3, 0, 7, 5, 2], [1, 4, 6, 3, 0, 7, 5, 2]]
Generation 216 -> [[4, 7, 3, 0, 6, 1, 5, 2], [7, 3, 0, 2, 5, 1, 6, 4], [3, 1, 6, 4, 0, 7, 5, 2]]
Generation 217 -> [[4, 7, 3, 0, 6, 1, 5, 2], [7, 3, 0, 2, 5, 1, 6, 4], [3, 1, 6, 4, 0, 7, 5, 2], [1, 4, 6, 3, 0, 7, 5, 2]]
Generation 218 -> [[4, 7, 3, 0, 6, 1, 5, 2], [7, 3, 0, 2, 5, 1, 6, 4], [3, 1, 6, 4, 0, 7, 5, 2]]
Generation 219 -> [[4, 7, 3, 0, 6, 1, 5, 2], [7, 3, 0, 2, 5, 1, 6, 4], [3, 1, 6, 4, 0, 7, 5, 2]]
Generation 220 -> [[4, 7, 3, 0, 6, 1, 5, 2], [7, 3, 0, 2, 5, 1, 6, 4], [3, 1, 6, 4, 0, 7, 5, 2]]
Generation 221 -> [[4, 7, 3, 0, 6, 1, 5, 2], [7, 3, 0, 2, 5, 1, 6, 4], [3, 1, 6, 4, 0, 7, 5, 2]]
Generation 222 -> [[4, 7, 3, 0, 6, 1, 5, 2], [7, 3, 0, 2, 5, 1, 6, 4], [3, 1, 6, 4, 0, 7, 5, 2]]
Generation 223 -> [[4, 7, 3, 0, 6, 1, 5, 2], [7, 3, 0, 2, 5, 1, 6, 4], [3, 1, 6, 4, 0, 7, 5, 2]]
Generation 224 -> [[4, 7, 3, 0, 6, 1, 5, 2], [7, 3, 0, 2, 5, 1, 6, 4], [3, 1, 6, 4, 0, 7, 5, 2], [4, 7, 3, 0, 6, 1, 5, 2]]
Generation 225 -> [[4, 7, 3, 0, 6, 1, 5, 2], [7, 3, 0, 2, 5, 1, 6, 4], [3, 1, 6, 4, 0, 7, 5, 2]]
Generation 226 -> [[4, 7, 3, 0, 6, 1, 5, 2], [7, 3, 0, 2, 5, 1, 6, 4], [3, 1, 6, 4, 0, 7, 5, 2], [4, 7, 3, 0, 6, 1, 5, 2], [4, 7, 3, 0, 6, 1, 5, 2], [5, 3, 0, 4, 7, 1, 6, 2]]
Generation 227 -> [[4, 7, 3, 0, 6, 1, 5, 2], [7, 3, 0, 2, 5, 1, 6, 4], [3, 1, 6, 4, 0, 7, 5, 2], [4, 7, 3, 0, 6, 1, 5, 2], [5, 3, 0, 4, 7, 1, 6, 2], [5, 2, 6, 1, 3, 7, 0, 4]]
Generation 228 -> [[4, 7, 3, 0, 6, 1, 5, 2], [7, 3, 0, 2, 5, 1, 6, 4], [3, 1, 6, 4, 0, 7, 5, 2], [4, 7, 3, 0, 6, 1, 5, 2], [5, 2, 6, 1, 3, 7, 0, 4]]
Generation 229 -> [[4, 7, 3, 0, 6, 1, 5, 2], [7, 3, 0, 2, 5, 1, 6, 4], [3, 1, 6, 4, 0, 7, 5, 2], [5, 2, 6, 1, 3, 7, 0, 4]]
Generation 230 -> [[4, 7, 3, 0, 6, 1, 5, 2], [7, 3, 0, 2, 5, 1, 6, 4], [3, 1, 6, 4, 0, 7, 5, 2], [5, 1, 6, 0, 2, 4, 7, 3], [5, 7, 1, 3, 0, 6, 4, 2], [5, 2, 6, 1, 3, 7, 0, 4]]
Generation 231 -> [[4, 7, 3, 0, 6, 1, 5, 2], [7, 3, 0, 2, 5, 1, 6, 4], [3, 1, 6, 4, 0, 7, 5, 2], [5, 2, 6, 1, 3, 7, 0, 4]]
Generation 232 -> [[4, 7, 3, 0, 6, 1, 5, 2], [7, 3, 0, 2, 5, 1, 6, 4], [3, 1, 6, 4, 0, 7, 5, 2], [5, 2, 6, 1, 3, 7, 0, 4]]
Generation 233 -> [[4, 7, 3, 0, 6, 1, 5, 2], [7, 3, 0, 2, 5, 1, 6, 4], [3, 1, 6, 4, 0, 7, 5, 2], [1, 4, 6, 3, 0, 7, 5, 2], [4, 2, 0, 6, 1, 7, 5, 3], [4, 7, 3, 0, 6, 1, 5, 2], [5, 2, 6, 1, 3, 7, 0, 4]]
Generation 234 -> [[4, 7, 3, 0, 6, 1, 5, 2], [7, 3, 0, 2, 5, 1, 6, 4], [3, 1, 6, 4, 0, 7, 5, 2], [3, 1, 6, 4, 0, 7, 5, 2], [4, 2, 0, 6, 1, 7, 5, 3], [4, 7, 3, 0, 6, 1, 5, 2], [5, 2, 6, 1, 3, 7, 0, 4]]
Generation 235 -> [[4, 7, 3, 0, 6, 1, 5, 2], [7, 3, 0, 2, 5, 1, 6, 4], [3, 1, 6, 4, 0, 7, 5, 2], [3, 1, 6, 4, 0, 7, 5, 2], [5, 2, 6, 1, 3, 7, 0, 4]]
Generation 236 -> [[4, 7, 3, 0, 6, 1, 5, 2], [7, 3, 0, 2, 5, 1, 6, 4], [3, 1, 6, 4, 0, 7, 5, 2], [5, 2, 6, 1, 3, 7, 0, 4]]
Generation 237 -> [[4, 7, 3, 0, 6, 1, 5, 2], [7, 3, 0, 2, 5, 1, 6, 4], [3, 1, 6, 4, 0, 7, 5, 2], [3, 1, 6, 4, 0, 7, 5, 2], [5, 2, 6, 1, 3, 7, 0, 4]]
Generation 238 -> [[4, 7, 3, 0, 6, 1, 5, 2], [7, 3, 0, 2, 5, 1, 6, 4], [3, 1, 6, 4, 0, 7, 5, 2], [3, 1, 6, 4, 0, 7, 5, 2], [5, 2, 6, 1, 3, 7, 0, 4]]
Generation 239 -> [[4, 7, 3, 0, 6, 1, 5, 2], [7, 3, 0, 2, 5, 1, 6, 4], [3, 1, 6, 4, 0, 7, 5, 2], [4, 2, 7, 3, 6, 0, 5, 1], [5, 2, 6, 1, 3, 7, 0, 4], [5, 0, 4, 1, 7, 2, 6, 3]]
Generation 240 -> [[4, 7, 3, 0, 6, 1, 5, 2], [7, 3, 0, 2, 5, 1, 6, 4], [3, 1, 6, 4, 0, 7, 5, 2], [5, 2, 6, 1, 3, 7, 0, 4], [5, 0, 4, 1, 7, 2, 6, 3], [4, 7, 3, 0, 6, 1, 5, 2], [5, 2, 6, 1, 3, 7, 0, 4], [5, 0, 4, 1, 7, 2, 6, 3]]
Generation 241 -> [[4, 7, 3, 0, 6, 1, 5, 2], [7, 3, 0, 2, 5, 1, 6, 4], [3, 1, 6, 4, 0, 7, 5, 2], [3, 7, 0, 2, 5, 1, 6, 4], [5, 2, 6, 1, 3, 7, 0, 4], [5, 0, 4, 1, 7, 2, 6, 3]]
Generation 242 -> [[4, 7, 3, 0, 6, 1, 5, 2], [7, 3, 0, 2, 5, 1, 6, 4], [3, 1, 6, 4, 0, 7, 5, 2], [5, 0, 4, 1, 7, 2, 6, 3]]
Generation 243 -> [[4, 7, 3, 0, 6, 1, 5, 2], [7, 3, 0, 2, 5, 1, 6, 4], [3, 1, 6, 4, 0, 7, 5, 2], [5, 0, 4, 1, 7, 2, 6, 3]]
Generation 244 -> [[4, 7, 3, 0, 6, 1, 5, 2], [7, 3, 0, 2, 5, 1, 6, 4], [3, 1, 6, 4, 0, 7, 5, 2], [5, 0, 4, 1, 7, 2, 6, 3]]
Generation 245 -> [[4, 7, 3, 0, 6, 1, 5, 2], [7, 3, 0, 2, 5, 1, 6, 4], [3, 1, 6, 4, 0, 7, 5, 2], [5, 0, 4, 1, 7, 2, 6, 3], [5, 2, 6, 1, 7, 4, 0, 3]]
Generation 246 -> [[4, 7, 3, 0, 6, 1, 5, 2], [7, 3, 0, 2, 5, 1, 6, 4], [3, 1, 6, 4, 0, 7, 5, 2], [5, 2, 6, 1, 7, 4, 0, 3]]
Generation 247 -> [[4, 7, 3, 0, 6, 1, 5, 2], [7, 3, 0, 2, 5, 1, 6, 4], [3, 1, 6, 4, 0, 7, 5, 2], [6, 2, 7, 1, 4, 0, 5, 3], [5, 2, 6, 1, 7, 4, 0, 3]]
Generation 248 -> [[4, 7, 3, 0, 6, 1, 5, 2], [7, 3, 0, 2, 5, 1, 6, 4], [3, 1, 6, 4, 0, 7, 5, 2], [6, 2, 7, 1, 4, 0, 5, 3], [5, 2, 6, 1, 7, 4, 0, 3]]
Generation 249 -> [[4, 7, 3, 0, 6, 1, 5, 2], [7, 3, 0, 2, 5, 1, 6, 4], [3, 1, 6, 4, 0, 7, 5, 2], [5, 2, 6, 1, 7, 4, 0, 3]]
Generation 250 -> [[4, 7, 3, 0, 6, 1, 5, 2], [7, 3, 0, 2, 5, 1, 6, 4], [3, 1, 6, 4, 0, 7, 5, 2], [2, 5, 7, 1, 3, 0, 6, 4]]
Generation 251 -> [[4, 7, 3, 0, 6, 1, 5, 2], [7, 3, 0, 2, 5, 1, 6, 4], [3, 1, 6, 4, 0, 7, 5, 2]]
Generation 252 -> [[4, 7, 3, 0, 6, 1, 5, 2], [7, 3, 0, 2, 5, 1, 6, 4], [3, 1, 6, 4, 0, 7, 5, 2]]
Generation 253 -> [[4, 7, 3, 0, 6, 1, 5, 2], [7, 3, 0, 2, 5, 1, 6, 4], [3, 1, 6, 4, 0, 7, 5, 2]]
Generation 254 -> [[4, 7, 3, 0, 6, 1, 5, 2], [7, 3, 0, 2, 5, 1, 6, 4], [3, 1, 6, 4, 0, 7, 5, 2]]
Generation 255 -> [[4, 7, 3, 0, 6, 1, 5, 2], [7, 3, 0, 2, 5, 1, 6, 4], [3, 1, 6, 4, 0, 7, 5, 2]]
Generation 256 -> [[4, 7, 3, 0, 6, 1, 5, 2], [7, 3, 0, 2, 5, 1, 6, 4], [3, 1, 6, 4, 0, 7, 5, 2], [3, 7, 0, 4, 6, 1, 5, 2], [3, 7, 0, 2, 5, 1, 6, 4]]
Generation 257 -> [[4, 7, 3, 0, 6, 1, 5, 2], [7, 3, 0, 2, 5, 1, 6, 4], [3, 1, 6, 4, 0, 7, 5, 2]]
Generation 258 -> [[4, 7, 3, 0, 6, 1, 5, 2], [7, 3, 0, 2, 5, 1, 6, 4], [3, 1, 6, 4, 0, 7, 5, 2]]
Generation 259 -> [[4, 7, 3, 0, 6, 1, 5, 2], [7, 3, 0, 2, 5, 1, 6, 4], [3, 1, 6, 4, 0, 7, 5, 2], [3, 1, 6, 4, 0, 7, 5, 2]]
Generation 260 -> [[4, 7, 3, 0, 6, 1, 5, 2], [7, 3, 0, 2, 5, 1, 6, 4], [3, 1, 6, 4, 0, 7, 5, 2]]
Generation 261 -> [[4, 7, 3, 0, 6, 1, 5, 2], [7, 3, 0, 2, 5, 1, 6, 4], [3, 1, 6, 4, 0, 7, 5, 2]]
Generation 262 -> [[4, 7, 3, 0, 6, 1, 5, 2], [7, 3, 0, 2, 5, 1, 6, 4], [3, 1, 6, 4, 0, 7, 5, 2]]
Generation 263 -> [[4, 7, 3, 0, 6, 1, 5, 2], [7, 3, 0, 2, 5, 1, 6, 4], [3, 1, 6, 4, 0, 7, 5, 2]]
Generation 264 -> [[4, 7, 3, 0, 6, 1, 5, 2], [7, 3, 0, 2, 5, 1, 6, 4], [3, 1, 6, 4, 0, 7, 5, 2]]
Generation 265 -> [[4, 7, 3, 0, 6, 1, 5, 2], [7, 3, 0, 2, 5, 1, 6, 4], [3, 1, 6, 4, 0, 7, 5, 2]]
Generation 266 -> [[4, 7, 3, 0, 6, 1, 5, 2], [7, 3, 0, 2, 5, 1, 6, 4], [3, 1, 6, 4, 0, 7, 5, 2], [7, 3, 0, 2, 5, 1, 6, 4]]
Generation 267 -> [[4, 7, 3, 0, 6, 1, 5, 2], [7, 3, 0, 2, 5, 1, 6, 4], [3, 1, 6, 4, 0, 7, 5, 2], [7, 3, 0, 2, 5, 1, 6, 4]]
Generation 268 -> [[4, 7, 3, 0, 6, 1, 5, 2], [7, 3, 0, 2, 5, 1, 6, 4], [3, 1, 6, 4, 0, 7, 5, 2]]
Generation 269 -> [[4, 7, 3, 0, 6, 1, 5, 2], [7, 3, 0, 2, 5, 1, 6, 4], [3, 1, 6, 4, 0, 7, 5, 2], [5, 3, 6, 0, 7, 1, 4, 2], [5, 3, 6, 0, 7, 1, 4, 2]]
Generation 270 -> [[4, 7, 3, 0, 6, 1, 5, 2], [7, 3, 0, 2, 5, 1, 6, 4], [3, 1, 6, 4, 0, 7, 5, 2], [5, 3, 6, 0, 7, 1, 4, 2], [5, 3, 6, 0, 7, 1, 4, 2]]
Generation 271 -> [[4, 7, 3, 0, 6, 1, 5, 2], [7, 3, 0, 2, 5, 1, 6, 4], [3, 1, 6, 4, 0, 7, 5, 2], [5, 3, 6, 0, 7, 1, 4, 2], [5, 3, 6, 0, 7, 1, 4, 2]]
Generation 272 -> [[4, 7, 3, 0, 6, 1, 5, 2], [7, 3, 0, 2, 5, 1, 6, 4], [3, 1, 6, 4, 0, 7, 5, 2], [5, 3, 6, 0, 7, 1, 4, 2], [5, 3, 6, 0, 7, 1, 4, 2]]
Generation 273 -> [[4, 7, 3, 0, 6, 1, 5, 2], [7, 3, 0, 2, 5, 1, 6, 4], [3, 1, 6, 4, 0, 7, 5, 2], [5, 3, 6, 0, 7, 1, 4, 2], [5, 3, 6, 0, 7, 1, 4, 2]]
Generation 274 -> [[4, 7, 3, 0, 6, 1, 5, 2], [7, 3, 0, 2, 5, 1, 6, 4], [3, 1, 6, 4, 0, 7, 5, 2], [3, 7, 0, 2, 5, 1, 6, 4], [5, 3, 6, 0, 7, 1, 4, 2], [5, 3, 6, 0, 7, 1, 4, 2]]
Generation 275 -> [[4, 7, 3, 0, 6, 1, 5, 2], [7, 3, 0, 2, 5, 1, 6, 4], [3, 1, 6, 4, 0, 7, 5, 2], [3, 7, 0, 2, 5, 1, 6, 4], [5, 2, 6, 1, 3, 7, 0, 4], [5, 3, 6, 0, 7, 1, 4, 2]]
Generation 276 -> [[4, 7, 3, 0, 6, 1, 5, 2], [7, 3, 0, 2, 5, 1, 6, 4], [3, 1, 6, 4, 0, 7, 5, 2], [3, 7, 0, 2, 5, 1, 6, 4], [5, 3, 6, 0, 7, 1, 4, 2]]
Generation 277 -> [[4, 7, 3, 0, 6, 1, 5, 2], [7, 3, 0, 2, 5, 1, 6, 4], [3, 1, 6, 4, 0, 7, 5, 2], [3, 7, 0, 2, 5, 1, 6, 4], [5, 3, 6, 0, 7, 1, 4, 2]]
Generation 278 -> [[4, 7, 3, 0, 6, 1, 5, 2], [7, 3, 0, 2, 5, 1, 6, 4], [3, 1, 6, 4, 0, 7, 5, 2], [3, 7, 0, 2, 5, 1, 6, 4], [5, 3, 6, 0, 7, 1, 4, 2]]
Generation 279 -> [[4, 7, 3, 0, 6, 1, 5, 2], [7, 3, 0, 2, 5, 1, 6, 4], [3, 1, 6, 4, 0, 7, 5, 2], [3, 7, 0, 2, 5, 1, 6, 4], [5, 3, 6, 0, 7, 1, 4, 2]]
Generation 280 -> [[4, 7, 3, 0, 6, 1, 5, 2], [7, 3, 0, 2, 5, 1, 6, 4], [3, 1, 6, 4, 0, 7, 5, 2], [3, 7, 0, 2, 5, 1, 6, 4], [5, 3, 6, 0, 7, 1, 4, 2]]
Generation 281 -> [[4, 7, 3, 0, 6, 1, 5, 2], [7, 3, 0, 2, 5, 1, 6, 4], [3, 1, 6, 4, 0, 7, 5, 2], [3, 7, 0, 2, 5, 1, 6, 4], [5, 3, 6, 0, 7, 1, 4, 2]]
Generation 282 -> [[4, 7, 3, 0, 6, 1, 5, 2], [7, 3, 0, 2, 5, 1, 6, 4], [3, 1, 6, 4, 0, 7, 5, 2], [3, 7, 0, 2, 5, 1, 6, 4], [5, 3, 0, 4, 7, 1, 6, 2], [5, 3, 6, 0, 7, 1, 4, 2]]
Generation 283 -> [[4, 7, 3, 0, 6, 1, 5, 2], [7, 3, 0, 2, 5, 1, 6, 4], [3, 1, 6, 4, 0, 7, 5, 2], [3, 7, 0, 2, 5, 1, 6, 4], [5, 3, 0, 4, 7, 1, 6, 2], [5, 3, 6, 0, 7, 1, 4, 2]]
Generation 284 -> [[4, 7, 3, 0, 6, 1, 5, 2], [7, 3, 0, 2, 5, 1, 6, 4], [3, 1, 6, 4, 0, 7, 5, 2], [3, 7, 0, 2, 5, 1, 6, 4], [5, 3, 0, 4, 7, 1, 6, 2], [5, 3, 6, 0, 7, 1, 4, 2], [4, 2, 7, 3, 6, 0, 5, 1]]
Generation 285 -> [[4, 7, 3, 0, 6, 1, 5, 2], [7, 3, 0, 2, 5, 1, 6, 4], [3, 1, 6, 4, 0, 7, 5, 2], [3, 7, 0, 2, 5, 1, 6, 4], [5, 3, 0, 4, 7, 1, 6, 2], [4, 7, 3, 0, 6, 1, 5, 2], [5, 3, 6, 0, 7, 1, 4, 2], [4, 2, 7, 3, 6, 0, 5, 1]]
Generation 286 -> [[4, 7, 3, 0, 6, 1, 5, 2], [7, 3, 0, 2, 5, 1, 6, 4], [3, 1, 6, 4, 0, 7, 5, 2], [3, 7, 0, 2, 5, 1, 6, 4], [7, 3, 0, 2, 5, 1, 6, 4], [4, 7, 3, 0, 6, 1, 5, 2], [4, 2, 7, 3, 6, 0, 5, 1]]
Generation 287 -> [[4, 7, 3, 0, 6, 1, 5, 2], [7, 3, 0, 2, 5, 1, 6, 4], [3, 1, 6, 4, 0, 7, 5, 2], [3, 7, 0, 2, 5, 1, 6, 4], [4, 7, 3, 0, 6, 1, 5, 2], [4, 2, 7, 3, 6, 0, 5, 1]]
Generation 288 -> [[4, 7, 3, 0, 6, 1, 5, 2], [7, 3, 0, 2, 5, 1, 6, 4], [3, 1, 6, 4, 0, 7, 5, 2], [3, 7, 0, 2, 5, 1, 6, 4], [4, 7, 3, 0, 6, 1, 5, 2], [4, 2, 7, 3, 6, 0, 5, 1]]
Generation 289 -> [[4, 7, 3, 0, 6, 1, 5, 2], [7, 3, 0, 2, 5, 1, 6, 4], [3, 1, 6, 4, 0, 7, 5, 2], [3, 7, 0, 2, 5, 1, 6, 4], [4, 7, 3, 0, 6, 1, 5, 2]]
Generation 290 -> [[4, 7, 3, 0, 6, 1, 5, 2], [7, 3, 0, 2, 5, 1, 6, 4], [3, 1, 6, 4, 0, 7, 5, 2], [3, 7, 0, 2, 5, 1, 6, 4], [4, 7, 3, 0, 6, 1, 5, 2]]
Generation 291 -> [[4, 7, 3, 0, 6, 1, 5, 2], [7, 3, 0, 2, 5, 1, 6, 4], [3, 1, 6, 4, 0, 7, 5, 2], [3, 7, 0, 2, 5, 1, 6, 4], [4, 7, 3, 0, 6, 1, 5, 2]]
Generation 292 -> [[4, 7, 3, 0, 6, 1, 5, 2], [7, 3, 0, 2, 5, 1, 6, 4], [3, 1, 6, 4, 0, 7, 5, 2], [3, 7, 0, 2, 5, 1, 6, 4], [3, 7, 0, 4, 6, 1, 5, 2], [4, 7, 3, 0, 6, 1, 5, 2]]
Generation 293 -> [[4, 7, 3, 0, 6, 1, 5, 2], [7, 3, 0, 2, 5, 1, 6, 4], [3, 1, 6, 4, 0, 7, 5, 2], [3, 7, 0, 2, 5, 1, 6, 4], [3, 7, 0, 4, 6, 1, 5, 2], [4, 7, 3, 0, 6, 1, 5, 2]]
Generation 294 -> [[4, 7, 3, 0, 6, 1, 5, 2], [7, 3, 0, 2, 5, 1, 6, 4], [3, 1, 6, 4, 0, 7, 5, 2], [3, 7, 0, 2, 5, 1, 6, 4], [4, 7, 3, 0, 6, 1, 5, 2]]
Generation 295 -> [[4, 7, 3, 0, 6, 1, 5, 2], [7, 3, 0, 2, 5, 1, 6, 4], [3, 1, 6, 4, 0, 7, 5, 2], [3, 7, 0, 2, 5, 1, 6, 4], [4, 7, 3, 0, 6, 1, 5, 2], [4, 7, 3, 0, 6, 1, 5, 2]]
Generation 296 -> [[4, 7, 3, 0, 6, 1, 5, 2], [7, 3, 0, 2, 5, 1, 6, 4], [3, 1, 6, 4, 0, 7, 5, 2], [3, 7, 0, 2, 5, 1, 6, 4], [5, 3, 0, 4, 7, 1, 6, 2], [4, 7, 3, 0, 6, 1, 5, 2]]
Generation 297 -> [[4, 7, 3, 0, 6, 1, 5, 2], [7, 3, 0, 2, 5, 1, 6, 4], [3, 1, 6, 4, 0, 7, 5, 2], [3, 7, 0, 2, 5, 1, 6, 4], [5, 3, 6, 0, 7, 1, 4, 2], [4, 7, 3, 0, 6, 1, 5, 2]]
Generation 298 -> [[4, 7, 3, 0, 6, 1, 5, 2], [7, 3, 0, 2, 5, 1, 6, 4], [3, 1, 6, 4, 0, 7, 5, 2], [3, 7, 0, 2, 5, 1, 6, 4], [5, 3, 6, 0, 7, 1, 4, 2]]
Generation 299 -> [[4, 7, 3, 0, 6, 1, 5, 2], [7, 3, 0, 2, 5, 1, 6, 4], [3, 1, 6, 4, 0, 7, 5, 2], [3, 7, 0, 2, 5, 1, 6, 4], [5, 3, 6, 0, 7, 1, 4, 2]]
Generation 300 -> [[4, 7, 3, 0, 6, 1, 5, 2], [7, 3, 0, 2, 5, 1, 6, 4], [3, 1, 6, 4, 0, 7, 5, 2], [3, 7, 0, 2, 5, 1, 6, 4]]
Generation 301 -> [[4, 7, 3, 0, 6, 1, 5, 2], [7, 3, 0, 2, 5, 1, 6, 4], [3, 1, 6, 4, 0, 7, 5, 2], [3, 7, 0, 2, 5, 1, 6, 4]]
Generation 302 -> [[4, 7, 3, 0, 6, 1, 5, 2], [7, 3, 0, 2, 5, 1, 6, 4], [3, 7, 0, 2, 5, 1, 6, 4], [5, 3, 0, 4, 7, 1, 6, 2]]
Generation 303 -> [[4, 7, 3, 0, 6, 1, 5, 2], [7, 3, 0, 2, 5, 1, 6, 4], [3, 7, 0, 2, 5, 1, 6, 4]]
Generation 304 -> [[4, 7, 3, 0, 6, 1, 5, 2], [7, 3, 0, 2, 5, 1, 6, 4], [3, 7, 0, 2, 5, 1, 6, 4], [3, 6, 0, 7, 4, 1, 5, 2]]
Generation 305 -> [[4, 7, 3, 0, 6, 1, 5, 2], [7, 3, 0, 2, 5, 1, 6, 4], [3, 7, 0, 2, 5, 1, 6, 4], [3, 6, 0, 7, 4, 1, 5, 2]]
Generation 306 -> [[4, 7, 3, 0, 6, 1, 5, 2], [7, 3, 0, 2, 5, 1, 6, 4], [3, 7, 0, 2, 5, 1, 6, 4], [3, 6, 0, 7, 4, 1, 5, 2]]
Generation 307 -> [[4, 7, 3, 0, 6, 1, 5, 2], [7, 3, 0, 2, 5, 1, 6, 4], [3, 6, 0, 7, 4, 1, 5, 2], [2, 5, 7, 0, 4, 6, 1, 3]]
Generation 308 -> [[4, 7, 3, 0, 6, 1, 5, 2], [7, 3, 0, 2, 5, 1, 6, 4], [3, 7, 0, 2, 5, 1, 6, 4]]
Generation 309 -> [[4, 7, 3, 0, 6, 1, 5, 2], [7, 3, 0, 2, 5, 1, 6, 4], [7, 3, 0, 2, 5, 1, 6, 4]]
Generation 310 -> [[4, 7, 3, 0, 6, 1, 5, 2], [7, 3, 0, 2, 5, 1, 6, 4]]
Generation 311 -> [[4, 7, 3, 0, 6, 1, 5, 2], [7, 3, 0, 2, 5, 1, 6, 4], [4, 0, 3, 5, 7, 1, 6, 2]]
Generation 312 -> [[4, 7, 3, 0, 6, 1, 5, 2], [7, 3, 0, 2, 5, 1, 6, 4], [5, 3, 0, 4, 7, 1, 6, 2], [6, 2, 7, 1, 4, 0, 5, 3]]
Generation 313 -> [[4, 7, 3, 0, 6, 1, 5, 2], [7, 3, 0, 2, 5, 1, 6, 4], [5, 3, 0, 4, 7, 1, 6, 2], [6, 2, 7, 1, 4, 0, 5, 3]]
Generation 314 -> [[4, 7, 3, 0, 6, 1, 5, 2], [7, 3, 0, 2, 5, 1, 6, 4], [5, 3, 0, 4, 7, 1, 6, 2], [6, 2, 7, 1, 4, 0, 5, 3]]
Generation 315 -> [[4, 7, 3, 0, 6, 1, 5, 2], [7, 3, 0, 2, 5, 1, 6, 4], [5, 3, 0, 4, 7, 1, 6, 2]]
Generation 316 -> [[4, 7, 3, 0, 6, 1, 5, 2], [7, 3, 0, 2, 5, 1, 6, 4], [5, 3, 0, 4, 7, 1, 6, 2], [3, 7, 0, 4, 6, 1, 5, 2], [4, 7, 3, 0, 2, 5, 1, 6]]
Generation 317 -> [[4, 7, 3, 0, 6, 1, 5, 2], [7, 3, 0, 2, 5, 1, 6, 4], [5, 3, 0, 4, 7, 1, 6, 2], [4, 7, 3, 0, 2, 5, 1, 6]]
Generation 318 -> [[4, 7, 3, 0, 6, 1, 5, 2], [7, 3, 0, 2, 5, 1, 6, 4], [5, 3, 0, 4, 7, 1, 6, 2]]
Generation 319 -> [[4, 7, 3, 0, 6, 1, 5, 2], [7, 3, 0, 2, 5, 1, 6, 4]]
Generation 320 -> [[4, 7, 3, 0, 6, 1, 5, 2], [7, 3, 0, 2, 5, 1, 6, 4], [4, 7, 3, 0, 6, 1, 5, 2]]
Generation 321 -> [[4, 7, 3, 0, 6, 1, 5, 2], [7, 3, 0, 2, 5, 1, 6, 4]]
Generation 322 -> [[4, 7, 3, 0, 6, 1, 5, 2], [7, 3, 0, 2, 5, 1, 6, 4]]
Generation 323 -> [[4, 7, 3, 0, 6, 1, 5, 2], [7, 3, 0, 2, 5, 1, 6, 4]]
Generation 324 -> [[4, 7, 3, 0, 6, 1, 5, 2], [7, 3, 0, 2, 5, 1, 6, 4], [4, 7, 3, 0, 6, 1, 5, 2]]
Generation 325 -> [[4, 7, 3, 0, 6, 1, 5, 2], [7, 3, 0, 2, 5, 1, 6, 4], [4, 7, 3, 0, 6, 1, 5, 2], [6, 1, 5, 2, 0, 3, 7, 4]]
Generation 326 -> [[4, 7, 3, 0, 6, 1, 5, 2], [7, 3, 0, 2, 5, 1, 6, 4], [4, 7, 3, 0, 6, 1, 5, 2]]
Generation 327 -> [[4, 7, 3, 0, 6, 1, 5, 2], [7, 3, 0, 2, 5, 1, 6, 4], [4, 7, 3, 0, 6, 1, 5, 2]]
Generation 328 -> [[4, 7, 3, 0, 6, 1, 5, 2], [7, 3, 0, 2, 5, 1, 6, 4], [4, 7, 3, 0, 6, 1, 5, 2]]
Generation 329 -> [[4, 7, 3, 0, 6, 1, 5, 2], [7, 3, 0, 2, 5, 1, 6, 4], [4, 7, 3, 0, 6, 1, 5, 2]]
Generation 330 -> [[4, 7, 3, 0, 6, 1, 5, 2], [7, 3, 0, 2, 5, 1, 6, 4], [4, 7, 3, 0, 6, 1, 5, 2]]
Generation 331 -> [[4, 7, 3, 0, 6, 1, 5, 2], [7, 3, 0, 2, 5, 1, 6, 4], [4, 7, 3, 0, 6, 1, 5, 2], [5, 2, 6, 1, 3, 7, 0, 4]]
Generation 332 -> [[4, 7, 3, 0, 6, 1, 5, 2], [7, 3, 0, 2, 5, 1, 6, 4], [4, 7, 3, 0, 6, 1, 5, 2], [3, 7, 0, 2, 5, 1, 6, 4]]
Generation 333 -> [[4, 7, 3, 0, 6, 1, 5, 2], [7, 3, 0, 2, 5, 1, 6, 4], [4, 7, 3, 0, 6, 1, 5, 2], [3, 7, 0, 2, 5, 1, 6, 4]]
Generation 334 -> [[4, 7, 3, 0, 6, 1, 5, 2], [7, 3, 0, 2, 5, 1, 6, 4], [4, 7, 3, 0, 6, 1, 5, 2]]
Generation 335 -> [[4, 7, 3, 0, 6, 1, 5, 2], [7, 3, 0, 2, 5, 1, 6, 4], [4, 7, 3, 0, 6, 1, 5, 2], [3, 1, 6, 2, 5, 7, 0, 4], [3, 6, 0, 7, 4, 1, 5, 2]]
Generation 336 -> [[4, 7, 3, 0, 6, 1, 5, 2], [7, 3, 0, 2, 5, 1, 6, 4], [4, 7, 3, 0, 6, 1, 5, 2], [3, 7, 0, 4, 6, 1, 5, 2], [3, 1, 6, 2, 5, 7, 0, 4]]
Generation 337 -> [[4, 7, 3, 0, 6, 1, 5, 2], [7, 3, 0, 2, 5, 1, 6, 4], [4, 7, 3, 0, 6, 1, 5, 2], [3, 1, 6, 2, 5, 7, 0, 4]]
Generation 338 -> [[4, 7, 3, 0, 6, 1, 5, 2], [7, 3, 0, 2, 5, 1, 6, 4], [4, 7, 3, 0, 6, 1, 5, 2]]
Generation 339 -> [[4, 7, 3, 0, 6, 1, 5, 2], [7, 3, 0, 2, 5, 1, 6, 4], [4, 7, 3, 0, 6, 1, 5, 2], [4, 7, 3, 0, 6, 1, 5, 2]]
Generation 340 -> [[4, 7, 3, 0, 6, 1, 5, 2], [7, 3, 0, 2, 5, 1, 6, 4], [5, 2, 0, 7, 4, 1, 3, 6]]
Generation 341 -> [[4, 7, 3, 0, 6, 1, 5, 2], [7, 3, 0, 2, 5, 1, 6, 4], [3, 7, 0, 2, 5, 1, 6, 4], [4, 7, 3, 0, 6, 1, 5, 2]]
Generation 342 -> [[4, 7, 3, 0, 6, 1, 5, 2], [7, 3, 0, 2, 5, 1, 6, 4], [3, 6, 0, 7, 4, 1, 5, 2]]
Generation 343 -> [[4, 7, 3, 0, 6, 1, 5, 2], [7, 3, 0, 2, 5, 1, 6, 4]]
Generation 344 -> [[4, 7, 3, 0, 6, 1, 5, 2], [7, 3, 0, 2, 5, 1, 6, 4]]
Generation 345 -> [[4, 7, 3, 0, 6, 1, 5, 2], [7, 3, 0, 2, 5, 1, 6, 4], [4, 7, 3, 0, 6, 1, 5, 2]]
Generation 346 -> [[4, 7, 3, 0, 6, 1, 5, 2], [7, 3, 0, 2, 5, 1, 6, 4], [4, 7, 3, 0, 6, 1, 5, 2]]
Generation 347 -> [[4, 7, 3, 0, 6, 1, 5, 2], [7, 3, 0, 2, 5, 1, 6, 4]]
Generation 348 -> [[4, 7, 3, 0, 6, 1, 5, 2], [7, 3, 0, 2, 5, 1, 6, 4], [5, 3, 0, 4, 7, 1, 6, 2]]
Generation 349 -> [[4, 7, 3, 0, 6, 1, 5, 2], [7, 3, 0, 2, 5, 1, 6, 4], [4, 7, 3, 0, 6, 1, 5, 2], [3, 6, 0, 7, 4, 1, 5, 2]]
Generation 350 -> [[4, 7, 3, 0, 6, 1, 5, 2], [7, 3, 0, 2, 5, 1, 6, 4], [3, 6, 0, 7, 4, 1, 5, 2], [4, 7, 3, 0, 6, 1, 5, 2], [3, 6, 0, 7, 4, 1, 5, 2]]
Generation 351 -> [[4, 7, 3, 0, 6, 1, 5, 2], [7, 3, 0, 2, 5, 1, 6, 4], [3, 6, 0, 7, 4, 1, 5, 2], [4, 7, 3, 0, 6, 1, 5, 2], [4, 7, 3, 0, 6, 1, 5, 2], [3, 6, 0, 7, 4, 1, 5, 2]]
Generation 352 -> [[4, 7, 3, 0, 6, 1, 5, 2], [7, 3, 0, 2, 5, 1, 6, 4], [3, 6, 0, 7, 4, 1, 5, 2], [1, 4, 6, 3, 0, 7, 5, 2], [4, 7, 3, 0, 6, 1, 5, 2], [3, 6, 0, 7, 4, 1, 5, 2]]
Generation 353 -> [[4, 7, 3, 0, 6, 1, 5, 2], [7, 3, 0, 2, 5, 1, 6, 4], [3, 6, 0, 7, 4, 1, 5, 2], [4, 7, 3, 0, 6, 1, 5, 2], [1, 4, 6, 3, 0, 7, 5, 2], [4, 7, 3, 0, 6, 1, 5, 2], [3, 6, 0, 7, 4, 1, 5, 2]]
Generation 354 -> [[4, 7, 3, 0, 6, 1, 5, 2], [7, 3, 0, 2, 5, 1, 6, 4], [3, 6, 0, 7, 4, 1, 5, 2], [4, 7, 3, 0, 6, 1, 5, 2], [1, 4, 6, 3, 0, 7, 5, 2], [1, 4, 6, 3, 0, 7, 5, 2], [4, 7, 3, 0, 6, 1, 5, 2], [1, 4, 6, 3, 0, 7, 5, 2], [3, 6, 0, 7, 4, 1, 5, 2]]
Generation 355 -> [[4, 7, 3, 0, 6, 1, 5, 2], [7, 3, 0, 2, 5, 1, 6, 4], [3, 6, 0, 7, 4, 1, 5, 2], [1, 4, 6, 3, 0, 7, 5, 2], [3, 6, 0, 7, 4, 1, 5, 2]]
Generation 356 -> [[4, 7, 3, 0, 6, 1, 5, 2], [7, 3, 0, 2, 5, 1, 6, 4], [3, 6, 0, 7, 4, 1, 5, 2], [1, 4, 6, 3, 0, 7, 5, 2], [3, 6, 0, 7, 4, 1, 5, 2]]
Generation 357 -> [[4, 7, 3, 0, 6, 1, 5, 2], [7, 3, 0, 2, 5, 1, 6, 4], [3, 6, 0, 7, 4, 1, 5, 2], [4, 7, 3, 0, 6, 1, 5, 2], [1, 4, 6, 3, 0, 7, 5, 2], [4, 7, 3, 0, 6, 1, 5, 2], [3, 6, 0, 7, 4, 1, 5, 2]]
Generation 358 -> [[4, 7, 3, 0, 6, 1, 5, 2], [7, 3, 0, 2, 5, 1, 6, 4], [3, 6, 0, 7, 4, 1, 5, 2], [1, 4, 6, 3, 0, 7, 5, 2], [4, 7, 3, 0, 6, 1, 5, 2], [4, 7, 3, 0, 6, 1, 5, 2], [5, 2, 6, 1, 3, 7, 0, 4], [3, 6, 0, 7, 4, 1, 5, 2]]
Generation 359 -> [[4, 7, 3, 0, 6, 1, 5, 2], [7, 3, 0, 2, 5, 1, 6, 4], [3, 6, 0, 7, 4, 1, 5, 2]]
Generation 360 -> [[4, 7, 3, 0, 6, 1, 5, 2], [7, 3, 0, 2, 5, 1, 6, 4], [3, 6, 0, 7, 4, 1, 5, 2], [5, 3, 0, 4, 7, 1, 6, 2]]
Generation 361 -> [[4, 7, 3, 0, 6, 1, 5, 2], [7, 3, 0, 2, 5, 1, 6, 4], [3, 6, 0, 7, 4, 1, 5, 2], [3, 7, 0, 4, 6, 1, 5, 2]]
Generation 362 -> [[4, 7, 3, 0, 6, 1, 5, 2], [7, 3, 0, 2, 5, 1, 6, 4], [3, 6, 0, 7, 4, 1, 5, 2], [3, 7, 0, 4, 6, 1, 5, 2]]
Generation 363 -> [[4, 7, 3, 0, 6, 1, 5, 2], [7, 3, 0, 2, 5, 1, 6, 4], [3, 7, 0, 4, 6, 1, 5, 2]]
Generation 364 -> [[4, 7, 3, 0, 6, 1, 5, 2], [7, 3, 0, 2, 5, 1, 6, 4], [3, 7, 0, 4, 6, 1, 5, 2]]
Generation 365 -> [[4, 7, 3, 0, 6, 1, 5, 2], [7, 3, 0, 2, 5, 1, 6, 4], [5, 3, 0, 4, 7, 1, 6, 2], [3, 7, 0, 4, 6, 1, 5, 2]]
Generation 366 -> [[4, 7, 3, 0, 6, 1, 5, 2], [7, 3, 0, 2, 5, 1, 6, 4], [5, 3, 0, 4, 7, 1, 6, 2]]
Generation 367 -> [[4, 7, 3, 0, 6, 1, 5, 2], [7, 3, 0, 2, 5, 1, 6, 4], [3, 7, 0, 2, 5, 1, 6, 4]]
Generation 368 -> [[4, 7, 3, 0, 6, 1, 5, 2], [7, 3, 0, 2, 5, 1, 6, 4]]
Generation 369 -> [[4, 7, 3, 0, 6, 1, 5, 2], [7, 3, 0, 2, 5, 1, 6, 4]]
Generation 370 -> [[4, 7, 3, 0, 6, 1, 5, 2], [7, 3, 0, 2, 5, 1, 6, 4]]
Generation 371 -> [[4, 7, 3, 0, 6, 1, 5, 2], [7, 3, 0, 2, 5, 1, 6, 4]]
Generation 372 -> [[4, 7, 3, 0, 6, 1, 5, 2], [7, 3, 0, 2, 5, 1, 6, 4], [3, 7, 0, 4, 6, 1, 5, 2]]
Generation 373 -> [[4, 7, 3, 0, 6, 1, 5, 2], [7, 3, 0, 2, 5, 1, 6, 4]]
Generation 374 -> [[4, 7, 3, 0, 6, 1, 5, 2], [7, 3, 0, 2, 5, 1, 6, 4], [4, 0, 3, 5, 7, 1, 6, 2]]
Generation 375 -> [[4, 7, 3, 0, 6, 1, 5, 2], [7, 3, 0, 2, 5, 1, 6, 4], [2, 4, 6, 0, 3, 1, 7, 5], [4, 7, 3, 0, 6, 1, 5, 2], [5, 3, 0, 4, 7, 1, 6, 2]]
Generation 376 -> [[4, 7, 3, 0, 6, 1, 5, 2], [7, 3, 0, 2, 5, 1, 6, 4], [2, 4, 6, 0, 3, 1, 7, 5], [5, 3, 0, 4, 7, 1, 6, 2]]
Generation 377 -> [[4, 7, 3, 0, 6, 1, 5, 2], [7, 3, 0, 2, 5, 1, 6, 4], [5, 3, 0, 4, 7, 1, 6, 2]]
Generation 378 -> [[4, 7, 3, 0, 6, 1, 5, 2], [7, 3, 0, 2, 5, 1, 6, 4], [3, 7, 0, 4, 6, 1, 5, 2], [5, 3, 0, 4, 7, 1, 6, 2]]
Generation 379 -> [[4, 7, 3, 0, 6, 1, 5, 2], [7, 3, 0, 2, 5, 1, 6, 4], [5, 3, 0, 4, 7, 1, 6, 2]]
Generation 380 -> [[4, 7, 3, 0, 6, 1, 5, 2], [7, 3, 0, 2, 5, 1, 6, 4], [1, 4, 6, 3, 0, 7, 5, 2], [5, 3, 0, 4, 7, 1, 6, 2]]
Generation 381 -> [[4, 7, 3, 0, 6, 1, 5, 2], [7, 3, 0, 2, 5, 1, 6, 4], [4, 7, 3, 0, 6, 1, 5, 2], [5, 3, 0, 4, 7, 1, 6, 2]]
Generation 382 -> [[4, 7, 3, 0, 6, 1, 5, 2], [7, 3, 0, 2, 5, 1, 6, 4], [5, 3, 0, 4, 7, 1, 6, 2]]
Generation 383 -> [[4, 7, 3, 0, 6, 1, 5, 2], [7, 3, 0, 2, 5, 1, 6, 4], [3, 6, 0, 7, 4, 1, 5, 2], [5, 3, 0, 4, 7, 1, 6, 2]]
Generation 384 -> [[4, 7, 3, 0, 6, 1, 5, 2], [7, 3, 0, 2, 5, 1, 6, 4], [5, 3, 0, 4, 7, 1, 6, 2]]
Generation 385 -> [[4, 7, 3, 0, 6, 1, 5, 2], [7, 3, 0, 2, 5, 1, 6, 4], [5, 3, 0, 4, 7, 1, 6, 2]]
Generation 386 -> [[4, 7, 3, 0, 6, 1, 5, 2], [7, 3, 0, 2, 5, 1, 6, 4], [5, 3, 6, 0, 7, 1, 4, 2], [5, 3, 0, 4, 7, 1, 6, 2]]
Generation 387 -> [[4, 7, 3, 0, 6, 1, 5, 2], [7, 3, 0, 2, 5, 1, 6, 4], [5, 3, 6, 0, 7, 1, 4, 2], [5, 3, 0, 4, 7, 1, 6, 2]]
Generation 388 -> [[4, 7, 3, 0, 6, 1, 5, 2], [7, 3, 0, 2, 5, 1, 6, 4], [3, 7, 0, 4, 6, 1, 5, 2], [5, 3, 0, 4, 7, 1, 6, 2], [4, 7, 3, 0, 6, 1, 5, 2]]
Generation 389 -> [[4, 7, 3, 0, 6, 1, 5, 2], [7, 3, 0, 2, 5, 1, 6, 4], [3, 7, 0, 4, 6, 1, 5, 2], [5, 3, 0, 4, 7, 1, 6, 2], [4, 7, 3, 0, 6, 1, 5, 2]]
Generation 390 -> [[4, 7, 3, 0, 6, 1, 5, 2], [7, 3, 0, 2, 5, 1, 6, 4], [5, 3, 0, 4, 7, 1, 6, 2], [4, 7, 3, 0, 6, 1, 5, 2]]
Generation 391 -> [[4, 7, 3, 0, 6, 1, 5, 2], [7, 3, 0, 2, 5, 1, 6, 4], [3, 7, 0, 4, 6, 1, 5, 2], [5, 3, 0, 4, 7, 1, 6, 2], [4, 7, 3, 0, 6, 1, 5, 2]]
Generation 392 -> [[4, 7, 3, 0, 6, 1, 5, 2], [7, 3, 0, 2, 5, 1, 6, 4], [3, 7, 0, 4, 6, 1, 5, 2], [5, 3, 0, 4, 7, 1, 6, 2], [4, 7, 3, 0, 6, 1, 5, 2]]
Generation 393 -> [[4, 7, 3, 0, 6, 1, 5, 2], [7, 3, 0, 2, 5, 1, 6, 4], [1, 4, 6, 0, 2, 7, 5, 3], [3, 7, 0, 4, 6, 1, 5, 2], [5, 3, 0, 4, 7, 1, 6, 2], [4, 7, 3, 0, 6, 1, 5, 2]]
Generation 394 -> [[4, 7, 3, 0, 6, 1, 5, 2], [7, 3, 0, 2, 5, 1, 6, 4], [5, 3, 0, 4, 7, 1, 6, 2], [4, 7, 3, 0, 6, 1, 5, 2]]
Generation 395 -> [[4, 7, 3, 0, 6, 1, 5, 2], [7, 3, 0, 2, 5, 1, 6, 4], [5, 3, 0, 4, 7, 1, 6, 2]]
Generation 396 -> [[4, 7, 3, 0, 6, 1, 5, 2], [7, 3, 0, 2, 5, 1, 6, 4], [5, 3, 0, 4, 7, 1, 6, 2]]
Generation 397 -> [[4, 7, 3, 0, 6, 1, 5, 2], [7, 3, 0, 2, 5, 1, 6, 4], [5, 3, 0, 4, 7, 1, 6, 2]]
Generation 398 -> [[4, 7, 3, 0, 6, 1, 5, 2], [7, 3, 0, 2, 5, 1, 6, 4], [4, 7, 3, 0, 6, 1, 5, 2], [5, 3, 0, 4, 7, 1, 6, 2]]
Generation 399 -> [[4, 7, 3, 0, 6, 1, 5, 2], [7, 3, 0, 2, 5, 1, 6, 4], [4, 7, 3, 0, 6, 1, 5, 2], [5, 3, 0, 4, 7, 1, 6, 2]]
Generation 400 -> [[4, 7, 3, 0, 6, 1, 5, 2], [7, 3, 0, 2, 5, 1, 6, 4], [4, 7, 3, 0, 6, 1, 5, 2], [5, 3, 0, 4, 7, 1, 6, 2]]
