lengthPopulation: 100 
lengthChromosome: 8 
lengthMatingPool: 80 
generations:  300 
------------------------------------ 
Selection Method: Tournament 
Reproduction Method: Mutation 
Replacement Selection Method: Weakest Replacement 

Results: 
Generation 131 (1) (U.S: 1) -> [[2, 5, 1, 6, 0, 3, 7, 4]] 
Generation 132 (1) (U.S: 1) -> [[2, 5, 1, 6, 0, 3, 7, 4]] 
Generation 133 (1) (U.S: 1) -> [[2, 5, 1, 6, 0, 3, 7, 4]] 
Generation 134 (1) (U.S: 1) -> [[2, 5, 1, 6, 0, 3, 7, 4]] 
Generation 135 (1) (U.S: 1) -> [[2, 5, 1, 6, 0, 3, 7, 4]] 
Generation 136 (1) (U.S: 1) -> [[2, 5, 1, 6, 0, 3, 7, 4]] 
Generation 137 (1) (U.S: 1) -> [[2, 5, 1, 6, 0, 3, 7, 4]] 
Generation 138 (1) (U.S: 1) -> [[2, 5, 1, 6, 0, 3, 7, 4]] 
Generation 139 (1) (U.S: 1) -> [[2, 5, 1, 6, 0, 3, 7, 4]] 
Generation 140 (1) (U.S: 1) -> [[2, 5, 1, 6, 0, 3, 7, 4]] 
Generation 141 (1) (U.S: 1) -> [[2, 5, 1, 6, 0, 3, 7, 4]] 
Generation 142 (1) (U.S: 1) -> [[2, 5, 1, 6, 0, 3, 7, 4]] 
Generation 143 (1) (U.S: 1) -> [[2, 5, 1, 6, 0, 3, 7, 4]] 
Generation 144 (1) (U.S: 1) -> [[2, 5, 1, 6, 0, 3, 7, 4]] 
Generation 145 (1) (U.S: 1) -> [[2, 5, 1, 6, 0, 3, 7, 4]] 
Generation 146 (1) (U.S: 1) -> [[2, 5, 1, 6, 0, 3, 7, 4]] 
Generation 147 (1) (U.S: 1) -> [[2, 5, 1, 6, 0, 3, 7, 4]] 
Generation 148 (1) (U.S: 1) -> [[2, 5, 1, 6, 0, 3, 7, 4]] 
Generation 149 (1) (U.S: 1) -> [[2, 5, 1, 6, 0, 3, 7, 4]] 
Generation 150 (1) (U.S: 1) -> [[2, 5, 1, 6, 0, 3, 7, 4]] 
Generation 151 (1) (U.S: 1) -> [[2, 5, 1, 6, 0, 3, 7, 4]] 
Generation 152 (1) (U.S: 1) -> [[2, 5, 1, 6, 0, 3, 7, 4]] 
Generation 153 (1) (U.S: 1) -> [[2, 5, 1, 6, 0, 3, 7, 4]] 
Generation 154 (1) (U.S: 1) -> [[2, 5, 1, 6, 0, 3, 7, 4]] 
Generation 155 (1) (U.S: 1) -> [[2, 5, 1, 6, 0, 3, 7, 4]] 
Generation 156 (1) (U.S: 1) -> [[2, 5, 1, 6, 0, 3, 7, 4]] 
Generation 157 (1) (U.S: 1) -> [[2, 5, 1, 6, 0, 3, 7, 4]] 
Generation 158 (1) (U.S: 1) -> [[2, 5, 1, 6, 0, 3, 7, 4]] 
Generation 159 (1) (U.S: 1) -> [[2, 5, 1, 6, 0, 3, 7, 4]] 
Generation 160 (1) (U.S: 1) -> [[2, 5, 1, 6, 0, 3, 7, 4]] 
Generation 161 (1) (U.S: 1) -> [[2, 5, 1, 6, 0, 3, 7, 4]] 
Generation 162 (1) (U.S: 1) -> [[2, 5, 1, 6, 0, 3, 7, 4]] 
Generation 163 (1) (U.S: 1) -> [[2, 5, 1, 6, 0, 3, 7, 4]] 
Generation 164 (1) (U.S: 1) -> [[2, 5, 1, 6, 0, 3, 7, 4]] 
Generation 165 (1) (U.S: 1) -> [[2, 5, 1, 6, 0, 3, 7, 4]] 
Generation 166 (1) (U.S: 1) -> [[2, 5, 1, 6, 0, 3, 7, 4]] 
Generation 167 (1) (U.S: 1) -> [[2, 5, 1, 6, 0, 3, 7, 4]] 
Generation 168 (1) (U.S: 1) -> [[2, 5, 1, 6, 0, 3, 7, 4]] 
Generation 169 (1) (U.S: 1) -> [[2, 5, 1, 6, 0, 3, 7, 4]] 
Generation 170 (1) (U.S: 1) -> [[2, 5, 1, 6, 0, 3, 7, 4]] 
Generation 171 (1) (U.S: 1) -> [[2, 5, 1, 6, 0, 3, 7, 4]] 
Generation 172 (1) (U.S: 1) -> [[2, 5, 1, 6, 0, 3, 7, 4]] 
Generation 173 (1) (U.S: 1) -> [[2, 5, 1, 6, 0, 3, 7, 4]] 
Generation 174 (1) (U.S: 1) -> [[2, 5, 1, 6, 0, 3, 7, 4]] 
Generation 175 (1) (U.S: 1) -> [[2, 5, 1, 6, 0, 3, 7, 4]] 
Generation 176 (1) (U.S: 1) -> [[2, 5, 1, 6, 0, 3, 7, 4]] 
Generation 177 (1) (U.S: 1) -> [[2, 5, 1, 6, 0, 3, 7, 4]] 
Generation 178 (1) (U.S: 1) -> [[2, 5, 1, 6, 0, 3, 7, 4]] 
Generation 179 (1) (U.S: 1) -> [[2, 5, 1, 6, 0, 3, 7, 4]] 
Generation 180 (1) (U.S: 1) -> [[2, 5, 1, 6, 0, 3, 7, 4]] 
Generation 181 (1) (U.S: 1) -> [[2, 5, 1, 6, 0, 3, 7, 4]] 
Generation 182 (1) (U.S: 1) -> [[2, 5, 1, 6, 0, 3, 7, 4]] 
Generation 183 (1) (U.S: 1) -> [[2, 5, 1, 6, 0, 3, 7, 4]] 
Generation 184 (1) (U.S: 1) -> [[2, 5, 1, 6, 0, 3, 7, 4]] 
Generation 185 (1) (U.S: 1) -> [[2, 5, 1, 6, 0, 3, 7, 4]] 
Generation 186 (1) (U.S: 1) -> [[2, 5, 1, 6, 0, 3, 7, 4]] 
Generation 187 (1) (U.S: 1) -> [[2, 5, 1, 6, 0, 3, 7, 4]] 
Generation 188 (1) (U.S: 1) -> [[2, 5, 1, 6, 0, 3, 7, 4]] 
Generation 189 (1) (U.S: 1) -> [[2, 5, 1, 6, 0, 3, 7, 4]] 
Generation 190 (1) (U.S: 1) -> [[2, 5, 1, 6, 0, 3, 7, 4]] 
Generation 191 (1) (U.S: 1) -> [[2, 5, 1, 6, 0, 3, 7, 4]] 
Generation 192 (1) (U.S: 1) -> [[2, 5, 1, 6, 0, 3, 7, 4]] 
Generation 193 (1) (U.S: 1) -> [[2, 5, 1, 6, 0, 3, 7, 4]] 
Generation 194 (1) (U.S: 1) -> [[2, 5, 1, 6, 0, 3, 7, 4]] 
Generation 195 (1) (U.S: 1) -> [[2, 5, 1, 6, 0, 3, 7, 4]] 
Generation 196 (1) (U.S: 1) -> [[2, 5, 1, 6, 0, 3, 7, 4]] 
Generation 197 (1) (U.S: 1) -> [[2, 5, 1, 6, 0, 3, 7, 4]] 
Generation 198 (1) (U.S: 1) -> [[2, 5, 1, 6, 0, 3, 7, 4]] 
Generation 199 (1) (U.S: 1) -> [[2, 5, 1, 6, 0, 3, 7, 4]] 
Generation 200 (1) (U.S: 1) -> [[2, 5, 1, 6, 0, 3, 7, 4]] 
Generation 201 (1) (U.S: 1) -> [[2, 5, 1, 6, 0, 3, 7, 4]] 
Generation 202 (1) (U.S: 1) -> [[2, 5, 1, 6, 0, 3, 7, 4]] 
Generation 203 (1) (U.S: 1) -> [[2, 5, 1, 6, 0, 3, 7, 4]] 
Generation 204 (1) (U.S: 1) -> [[2, 5, 1, 6, 0, 3, 7, 4]] 
Generation 205 (1) (U.S: 1) -> [[2, 5, 1, 6, 0, 3, 7, 4]] 
Generation 206 (1) (U.S: 1) -> [[2, 5, 1, 6, 0, 3, 7, 4]] 
Generation 207 (1) (U.S: 1) -> [[2, 5, 1, 6, 0, 3, 7, 4]] 
Generation 208 (1) (U.S: 1) -> [[2, 5, 1, 6, 0, 3, 7, 4]] 
Generation 209 (1) (U.S: 1) -> [[2, 5, 1, 6, 0, 3, 7, 4]] 
Generation 210 (2) (U.S: 2) -> [[4, 7, 3, 0, 2, 5, 1, 6], [2, 5, 1, 6, 0, 3, 7, 4]] 
Generation 211 (2) (U.S: 2) -> [[4, 7, 3, 0, 2, 5, 1, 6], [2, 5, 1, 6, 0, 3, 7, 4]] 
Generation 212 (2) (U.S: 2) -> [[4, 7, 3, 0, 2, 5, 1, 6], [2, 5, 1, 6, 0, 3, 7, 4]] 
Generation 213 (2) (U.S: 2) -> [[4, 7, 3, 0, 2, 5, 1, 6], [2, 5, 1, 6, 0, 3, 7, 4]] 
Generation 214 (2) (U.S: 2) -> [[4, 7, 3, 0, 2, 5, 1, 6], [2, 5, 1, 6, 0, 3, 7, 4]] 
Generation 215 (2) (U.S: 2) -> [[4, 7, 3, 0, 2, 5, 1, 6], [2, 5, 1, 6, 0, 3, 7, 4]] 
Generation 216 (2) (U.S: 2) -> [[4, 7, 3, 0, 2, 5, 1, 6], [2, 5, 1, 6, 0, 3, 7, 4]] 
Generation 217 (2) (U.S: 2) -> [[4, 7, 3, 0, 2, 5, 1, 6], [2, 5, 1, 6, 0, 3, 7, 4]] 
Generation 218 (2) (U.S: 2) -> [[4, 7, 3, 0, 2, 5, 1, 6], [2, 5, 1, 6, 0, 3, 7, 4]] 
Generation 219 (2) (U.S: 2) -> [[4, 7, 3, 0, 2, 5, 1, 6], [2, 5, 1, 6, 0, 3, 7, 4]] 
Generation 220 (2) (U.S: 2) -> [[4, 7, 3, 0, 2, 5, 1, 6], [2, 5, 1, 6, 0, 3, 7, 4]] 
Generation 221 (2) (U.S: 2) -> [[4, 7, 3, 0, 2, 5, 1, 6], [2, 5, 1, 6, 0, 3, 7, 4]] 
Generation 222 (2) (U.S: 2) -> [[4, 7, 3, 0, 2, 5, 1, 6], [2, 5, 1, 6, 0, 3, 7, 4]] 
Generation 223 (2) (U.S: 2) -> [[4, 7, 3, 0, 2, 5, 1, 6], [2, 5, 1, 6, 0, 3, 7, 4]] 
Generation 224 (2) (U.S: 2) -> [[4, 7, 3, 0, 2, 5, 1, 6], [2, 5, 1, 6, 0, 3, 7, 4]] 
Generation 225 (2) (U.S: 2) -> [[4, 7, 3, 0, 2, 5, 1, 6], [2, 5, 1, 6, 0, 3, 7, 4]] 
Generation 226 (2) (U.S: 2) -> [[4, 7, 3, 0, 2, 5, 1, 6], [2, 5, 1, 6, 0, 3, 7, 4]] 
Generation 227 (2) (U.S: 2) -> [[4, 7, 3, 0, 2, 5, 1, 6], [2, 5, 1, 6, 0, 3, 7, 4]] 
Generation 228 (2) (U.S: 2) -> [[4, 7, 3, 0, 2, 5, 1, 6], [2, 5, 1, 6, 0, 3, 7, 4]] 
Generation 229 (2) (U.S: 2) -> [[4, 7, 3, 0, 2, 5, 1, 6], [2, 5, 1, 6, 0, 3, 7, 4]] 
Generation 230 (2) (U.S: 2) -> [[4, 7, 3, 0, 2, 5, 1, 6], [2, 5, 1, 6, 0, 3, 7, 4]] 
Generation 231 (2) (U.S: 2) -> [[4, 7, 3, 0, 2, 5, 1, 6], [2, 5, 1, 6, 0, 3, 7, 4]] 
Generation 232 (2) (U.S: 2) -> [[4, 7, 3, 0, 2, 5, 1, 6], [2, 5, 1, 6, 0, 3, 7, 4]] 
Generation 233 (2) (U.S: 2) -> [[4, 7, 3, 0, 2, 5, 1, 6], [2, 5, 1, 6, 0, 3, 7, 4]] 
Generation 234 (2) (U.S: 2) -> [[4, 7, 3, 0, 2, 5, 1, 6], [2, 5, 1, 6, 0, 3, 7, 4]] 
Generation 235 (2) (U.S: 2) -> [[4, 7, 3, 0, 2, 5, 1, 6], [2, 5, 1, 6, 0, 3, 7, 4]] 
Generation 236 (2) (U.S: 2) -> [[4, 7, 3, 0, 2, 5, 1, 6], [2, 5, 1, 6, 0, 3, 7, 4]] 
Generation 237 (2) (U.S: 2) -> [[4, 7, 3, 0, 2, 5, 1, 6], [2, 5, 1, 6, 0, 3, 7, 4]] 
Generation 238 (2) (U.S: 2) -> [[4, 7, 3, 0, 2, 5, 1, 6], [2, 5, 1, 6, 0, 3, 7, 4]] 
Generation 239 (2) (U.S: 2) -> [[4, 7, 3, 0, 2, 5, 1, 6], [2, 5, 1, 6, 0, 3, 7, 4]] 
Generation 240 (2) (U.S: 2) -> [[4, 7, 3, 0, 2, 5, 1, 6], [2, 5, 1, 6, 0, 3, 7, 4]] 
Generation 241 (2) (U.S: 2) -> [[4, 7, 3, 0, 2, 5, 1, 6], [2, 5, 1, 6, 0, 3, 7, 4]] 
Generation 242 (2) (U.S: 2) -> [[4, 7, 3, 0, 2, 5, 1, 6], [2, 5, 1, 6, 0, 3, 7, 4]] 
Generation 243 (2) (U.S: 2) -> [[4, 7, 3, 0, 2, 5, 1, 6], [2, 5, 1, 6, 0, 3, 7, 4]] 
Generation 244 (2) (U.S: 2) -> [[4, 7, 3, 0, 2, 5, 1, 6], [2, 5, 1, 6, 0, 3, 7, 4]] 
Generation 245 (2) (U.S: 2) -> [[4, 7, 3, 0, 2, 5, 1, 6], [2, 5, 1, 6, 0, 3, 7, 4]] 
Generation 246 (2) (U.S: 2) -> [[4, 7, 3, 0, 2, 5, 1, 6], [2, 5, 1, 6, 0, 3, 7, 4]] 
Generation 247 (2) (U.S: 2) -> [[4, 7, 3, 0, 2, 5, 1, 6], [2, 5, 1, 6, 0, 3, 7, 4]] 
Generation 248 (2) (U.S: 2) -> [[4, 7, 3, 0, 2, 5, 1, 6], [2, 5, 1, 6, 0, 3, 7, 4]] 
Generation 249 (2) (U.S: 2) -> [[4, 7, 3, 0, 2, 5, 1, 6], [2, 5, 1, 6, 0, 3, 7, 4]] 
Generation 250 (2) (U.S: 2) -> [[4, 7, 3, 0, 2, 5, 1, 6], [2, 5, 1, 6, 0, 3, 7, 4]] 
Generation 251 (2) (U.S: 2) -> [[4, 7, 3, 0, 2, 5, 1, 6], [2, 5, 1, 6, 0, 3, 7, 4]] 
Generation 252 (2) (U.S: 2) -> [[4, 7, 3, 0, 2, 5, 1, 6], [2, 5, 1, 6, 0, 3, 7, 4]] 
Generation 253 (2) (U.S: 2) -> [[4, 7, 3, 0, 2, 5, 1, 6], [2, 5, 1, 6, 0, 3, 7, 4]] 
Generation 254 (2) (U.S: 2) -> [[4, 7, 3, 0, 2, 5, 1, 6], [2, 5, 1, 6, 0, 3, 7, 4]] 
Generation 255 (2) (U.S: 2) -> [[4, 7, 3, 0, 2, 5, 1, 6], [2, 5, 1, 6, 0, 3, 7, 4]] 
Generation 256 (2) (U.S: 2) -> [[4, 7, 3, 0, 2, 5, 1, 6], [2, 5, 1, 6, 0, 3, 7, 4]] 
Generation 257 (2) (U.S: 2) -> [[4, 7, 3, 0, 2, 5, 1, 6], [2, 5, 1, 6, 0, 3, 7, 4]] 
Generation 258 (2) (U.S: 2) -> [[4, 7, 3, 0, 2, 5, 1, 6], [2, 5, 1, 6, 0, 3, 7, 4]] 
Generation 259 (2) (U.S: 2) -> [[4, 7, 3, 0, 2, 5, 1, 6], [2, 5, 1, 6, 0, 3, 7, 4]] 
Generation 260 (2) (U.S: 2) -> [[4, 7, 3, 0, 2, 5, 1, 6], [2, 5, 1, 6, 0, 3, 7, 4]] 
Generation 261 (2) (U.S: 2) -> [[4, 7, 3, 0, 2, 5, 1, 6], [2, 5, 1, 6, 0, 3, 7, 4]] 
Generation 262 (2) (U.S: 2) -> [[4, 7, 3, 0, 2, 5, 1, 6], [2, 5, 1, 6, 0, 3, 7, 4]] 
Generation 263 (2) (U.S: 2) -> [[4, 7, 3, 0, 2, 5, 1, 6], [2, 5, 1, 6, 0, 3, 7, 4]] 
Generation 264 (2) (U.S: 2) -> [[4, 7, 3, 0, 2, 5, 1, 6], [2, 5, 1, 6, 0, 3, 7, 4]] 
Generation 265 (2) (U.S: 2) -> [[4, 7, 3, 0, 2, 5, 1, 6], [2, 5, 1, 6, 0, 3, 7, 4]] 
Generation 266 (2) (U.S: 2) -> [[4, 7, 3, 0, 2, 5, 1, 6], [2, 5, 1, 6, 0, 3, 7, 4]] 
Generation 267 (2) (U.S: 2) -> [[4, 7, 3, 0, 2, 5, 1, 6], [2, 5, 1, 6, 0, 3, 7, 4]] 
Generation 268 (2) (U.S: 2) -> [[4, 7, 3, 0, 2, 5, 1, 6], [2, 5, 1, 6, 0, 3, 7, 4]] 
Generation 269 (2) (U.S: 2) -> [[4, 7, 3, 0, 2, 5, 1, 6], [2, 5, 1, 6, 0, 3, 7, 4]] 
Generation 270 (2) (U.S: 2) -> [[4, 7, 3, 0, 2, 5, 1, 6], [2, 5, 1, 6, 0, 3, 7, 4]] 
Generation 271 (2) (U.S: 2) -> [[4, 7, 3, 0, 2, 5, 1, 6], [2, 5, 1, 6, 0, 3, 7, 4]] 
Generation 272 (2) (U.S: 2) -> [[4, 7, 3, 0, 2, 5, 1, 6], [2, 5, 1, 6, 0, 3, 7, 4]] 
Generation 273 (2) (U.S: 2) -> [[4, 7, 3, 0, 2, 5, 1, 6], [2, 5, 1, 6, 0, 3, 7, 4]] 
Generation 274 (2) (U.S: 2) -> [[4, 7, 3, 0, 2, 5, 1, 6], [2, 5, 1, 6, 0, 3, 7, 4]] 
Generation 275 (2) (U.S: 2) -> [[4, 7, 3, 0, 2, 5, 1, 6], [2, 5, 1, 6, 0, 3, 7, 4]] 
Generation 276 (2) (U.S: 2) -> [[4, 7, 3, 0, 2, 5, 1, 6], [2, 5, 1, 6, 0, 3, 7, 4]] 
Generation 277 (2) (U.S: 2) -> [[4, 7, 3, 0, 2, 5, 1, 6], [2, 5, 1, 6, 0, 3, 7, 4]] 
Generation 278 (2) (U.S: 2) -> [[4, 7, 3, 0, 2, 5, 1, 6], [2, 5, 1, 6, 0, 3, 7, 4]] 
Generation 279 (2) (U.S: 2) -> [[4, 7, 3, 0, 2, 5, 1, 6], [2, 5, 1, 6, 0, 3, 7, 4]] 
Generation 280 (2) (U.S: 2) -> [[4, 7, 3, 0, 2, 5, 1, 6], [2, 5, 1, 6, 0, 3, 7, 4]] 
Generation 281 (2) (U.S: 2) -> [[4, 7, 3, 0, 2, 5, 1, 6], [2, 5, 1, 6, 0, 3, 7, 4]] 
Generation 282 (2) (U.S: 2) -> [[4, 7, 3, 0, 2, 5, 1, 6], [2, 5, 1, 6, 0, 3, 7, 4]] 
Generation 283 (3) (U.S: 2) -> [[4, 7, 3, 0, 2, 5, 1, 6], [2, 5, 1, 6, 0, 3, 7, 4], [2, 5, 1, 6, 0, 3, 7, 4]] 
Generation 284 (3) (U.S: 2) -> [[4, 7, 3, 0, 2, 5, 1, 6], [2, 5, 1, 6, 0, 3, 7, 4], [2, 5, 1, 6, 0, 3, 7, 4]] 
Generation 285 (3) (U.S: 2) -> [[4, 7, 3, 0, 2, 5, 1, 6], [2, 5, 1, 6, 0, 3, 7, 4], [2, 5, 1, 6, 0, 3, 7, 4]] 
Generation 286 (3) (U.S: 2) -> [[4, 7, 3, 0, 2, 5, 1, 6], [2, 5, 1, 6, 0, 3, 7, 4], [2, 5, 1, 6, 0, 3, 7, 4]] 
Generation 287 (3) (U.S: 2) -> [[4, 7, 3, 0, 2, 5, 1, 6], [2, 5, 1, 6, 0, 3, 7, 4], [2, 5, 1, 6, 0, 3, 7, 4]] 
Generation 288 (3) (U.S: 2) -> [[4, 7, 3, 0, 2, 5, 1, 6], [2, 5, 1, 6, 0, 3, 7, 4], [2, 5, 1, 6, 0, 3, 7, 4]] 
Generation 289 (3) (U.S: 2) -> [[4, 7, 3, 0, 2, 5, 1, 6], [2, 5, 1, 6, 0, 3, 7, 4], [2, 5, 1, 6, 0, 3, 7, 4]] 
Generation 290 (3) (U.S: 2) -> [[4, 7, 3, 0, 2, 5, 1, 6], [2, 5, 1, 6, 0, 3, 7, 4], [2, 5, 1, 6, 0, 3, 7, 4]] 
Generation 291 (3) (U.S: 2) -> [[4, 7, 3, 0, 2, 5, 1, 6], [2, 5, 1, 6, 0, 3, 7, 4], [2, 5, 1, 6, 0, 3, 7, 4]] 
Generation 292 (3) (U.S: 2) -> [[4, 7, 3, 0, 2, 5, 1, 6], [2, 5, 1, 6, 0, 3, 7, 4], [2, 5, 1, 6, 0, 3, 7, 4]] 
Generation 293 (3) (U.S: 2) -> [[4, 7, 3, 0, 2, 5, 1, 6], [2, 5, 1, 6, 0, 3, 7, 4], [2, 5, 1, 6, 0, 3, 7, 4]] 
Generation 294 (3) (U.S: 2) -> [[4, 7, 3, 0, 2, 5, 1, 6], [2, 5, 1, 6, 0, 3, 7, 4], [2, 5, 1, 6, 0, 3, 7, 4]] 
Generation 295 (3) (U.S: 2) -> [[4, 7, 3, 0, 2, 5, 1, 6], [2, 5, 1, 6, 0, 3, 7, 4], [2, 5, 1, 6, 0, 3, 7, 4]] 
Generation 296 (3) (U.S: 2) -> [[4, 7, 3, 0, 2, 5, 1, 6], [2, 5, 1, 6, 0, 3, 7, 4], [2, 5, 1, 6, 0, 3, 7, 4]] 
Generation 297 (3) (U.S: 2) -> [[4, 7, 3, 0, 2, 5, 1, 6], [2, 5, 1, 6, 0, 3, 7, 4], [2, 5, 1, 6, 0, 3, 7, 4]] 
Generation 298 (3) (U.S: 2) -> [[4, 7, 3, 0, 2, 5, 1, 6], [2, 5, 1, 6, 0, 3, 7, 4], [2, 5, 1, 6, 0, 3, 7, 4]] 
Generation 299 (3) (U.S: 2) -> [[4, 7, 3, 0, 2, 5, 1, 6], [2, 5, 1, 6, 0, 3, 7, 4], [2, 5, 1, 6, 0, 3, 7, 4]] 
Generation 300 (3) (U.S: 2) -> [[4, 7, 3, 0, 2, 5, 1, 6], [2, 5, 1, 6, 0, 3, 7, 4], [2, 5, 1, 6, 0, 3, 7, 4]] 
------------------------------------ 
The 2 solutions found are: 
4
7
3
0
2
5
1
6
2
5
1
6
0
3
7
4
