lengthPopulation: 100 
lengthChromosome: 8 
lengthMatingPool: 60 
generations:  500 
------------------------------------ 
Selection Method: Tournament 
Reproduction Method: Cross and mutation 
Replacement Selection Method: Weakest Replacement 

Results: 
Generation 1 (1) (U.S: 1) -> [[5, 1, 6, 0, 3, 7, 4, 2]] 
Generation 2 (1) (U.S: 1) -> [[5, 1, 6, 0, 3, 7, 4, 2]] 
Generation 3 (1) (U.S: 1) -> [[5, 1, 6, 0, 3, 7, 4, 2]] 
Generation 4 (1) (U.S: 1) -> [[5, 1, 6, 0, 3, 7, 4, 2]] 
Generation 5 (1) (U.S: 1) -> [[5, 1, 6, 0, 3, 7, 4, 2]] 
Generation 6 (1) (U.S: 1) -> [[5, 1, 6, 0, 3, 7, 4, 2]] 
Generation 7 (1) (U.S: 1) -> [[5, 1, 6, 0, 3, 7, 4, 2]] 
Generation 8 (1) (U.S: 1) -> [[5, 1, 6, 0, 3, 7, 4, 2]] 
Generation 9 (1) (U.S: 1) -> [[5, 1, 6, 0, 3, 7, 4, 2]] 
Generation 10 (1) (U.S: 1) -> [[5, 1, 6, 0, 3, 7, 4, 2]] 
Generation 11 (1) (U.S: 1) -> [[5, 1, 6, 0, 3, 7, 4, 2]] 
Generation 12 (1) (U.S: 1) -> [[5, 1, 6, 0, 3, 7, 4, 2]] 
Generation 13 (1) (U.S: 1) -> [[5, 1, 6, 0, 3, 7, 4, 2]] 
Generation 14 (1) (U.S: 1) -> [[5, 1, 6, 0, 3, 7, 4, 2]] 
Generation 15 (1) (U.S: 1) -> [[5, 1, 6, 0, 3, 7, 4, 2]] 
Generation 16 (1) (U.S: 1) -> [[5, 1, 6, 0, 3, 7, 4, 2]] 
Generation 17 (1) (U.S: 1) -> [[5, 1, 6, 0, 3, 7, 4, 2]] 
Generation 18 (1) (U.S: 1) -> [[5, 1, 6, 0, 3, 7, 4, 2]] 
Generation 19 (1) (U.S: 1) -> [[5, 1, 6, 0, 3, 7, 4, 2]] 
Generation 20 (1) (U.S: 1) -> [[5, 1, 6, 0, 3, 7, 4, 2]] 
Generation 21 (1) (U.S: 1) -> [[5, 1, 6, 0, 3, 7, 4, 2]] 
Generation 22 (1) (U.S: 1) -> [[5, 1, 6, 0, 3, 7, 4, 2]] 
Generation 23 (1) (U.S: 1) -> [[5, 1, 6, 0, 3, 7, 4, 2]] 
Generation 24 (1) (U.S: 1) -> [[5, 1, 6, 0, 3, 7, 4, 2]] 
Generation 25 (1) (U.S: 1) -> [[5, 1, 6, 0, 3, 7, 4, 2]] 
Generation 26 (1) (U.S: 1) -> [[5, 1, 6, 0, 3, 7, 4, 2]] 
Generation 27 (1) (U.S: 1) -> [[5, 1, 6, 0, 3, 7, 4, 2]] 
Generation 28 (1) (U.S: 1) -> [[5, 1, 6, 0, 3, 7, 4, 2]] 
Generation 29 (1) (U.S: 1) -> [[5, 1, 6, 0, 3, 7, 4, 2]] 
Generation 30 (1) (U.S: 1) -> [[5, 1, 6, 0, 3, 7, 4, 2]] 
Generation 31 (1) (U.S: 1) -> [[5, 1, 6, 0, 3, 7, 4, 2]] 
Generation 32 (1) (U.S: 1) -> [[5, 1, 6, 0, 3, 7, 4, 2]] 
Generation 33 (1) (U.S: 1) -> [[5, 1, 6, 0, 3, 7, 4, 2]] 
Generation 34 (1) (U.S: 1) -> [[5, 1, 6, 0, 3, 7, 4, 2]] 
Generation 35 (1) (U.S: 1) -> [[5, 1, 6, 0, 3, 7, 4, 2]] 
Generation 36 (1) (U.S: 1) -> [[5, 1, 6, 0, 3, 7, 4, 2]] 
Generation 37 (1) (U.S: 1) -> [[5, 1, 6, 0, 3, 7, 4, 2]] 
Generation 38 (1) (U.S: 1) -> [[5, 1, 6, 0, 3, 7, 4, 2]] 
Generation 39 (1) (U.S: 1) -> [[5, 1, 6, 0, 3, 7, 4, 2]] 
Generation 40 (1) (U.S: 1) -> [[5, 1, 6, 0, 3, 7, 4, 2]] 
Generation 41 (1) (U.S: 1) -> [[5, 1, 6, 0, 3, 7, 4, 2]] 
Generation 42 (1) (U.S: 1) -> [[5, 1, 6, 0, 3, 7, 4, 2]] 
Generation 43 (1) (U.S: 1) -> [[5, 1, 6, 0, 3, 7, 4, 2]] 
Generation 44 (1) (U.S: 1) -> [[5, 1, 6, 0, 3, 7, 4, 2]] 
Generation 45 (1) (U.S: 1) -> [[5, 1, 6, 0, 3, 7, 4, 2]] 
Generation 46 (1) (U.S: 1) -> [[5, 1, 6, 0, 3, 7, 4, 2]] 
Generation 47 (1) (U.S: 1) -> [[5, 1, 6, 0, 3, 7, 4, 2]] 
Generation 48 (1) (U.S: 1) -> [[5, 1, 6, 0, 3, 7, 4, 2]] 
Generation 49 (1) (U.S: 1) -> [[5, 1, 6, 0, 3, 7, 4, 2]] 
Generation 50 (1) (U.S: 1) -> [[5, 1, 6, 0, 3, 7, 4, 2]] 
Generation 51 (1) (U.S: 1) -> [[5, 1, 6, 0, 3, 7, 4, 2]] 
Generation 52 (1) (U.S: 1) -> [[5, 1, 6, 0, 3, 7, 4, 2]] 
Generation 53 (1) (U.S: 1) -> [[5, 1, 6, 0, 3, 7, 4, 2]] 
Generation 54 (1) (U.S: 1) -> [[5, 1, 6, 0, 3, 7, 4, 2]] 
Generation 55 (1) (U.S: 1) -> [[5, 1, 6, 0, 3, 7, 4, 2]] 
Generation 56 (1) (U.S: 1) -> [[5, 1, 6, 0, 3, 7, 4, 2]] 
Generation 57 (1) (U.S: 1) -> [[5, 1, 6, 0, 3, 7, 4, 2]] 
Generation 58 (1) (U.S: 1) -> [[5, 1, 6, 0, 3, 7, 4, 2]] 
Generation 59 (1) (U.S: 1) -> [[5, 1, 6, 0, 3, 7, 4, 2]] 
Generation 60 (1) (U.S: 1) -> [[5, 1, 6, 0, 3, 7, 4, 2]] 
Generation 61 (1) (U.S: 1) -> [[5, 1, 6, 0, 3, 7, 4, 2]] 
Generation 62 (1) (U.S: 1) -> [[5, 1, 6, 0, 3, 7, 4, 2]] 
Generation 63 (1) (U.S: 1) -> [[5, 1, 6, 0, 3, 7, 4, 2]] 
Generation 64 (1) (U.S: 1) -> [[5, 1, 6, 0, 3, 7, 4, 2]] 
Generation 65 (1) (U.S: 1) -> [[5, 1, 6, 0, 3, 7, 4, 2]] 
Generation 66 (1) (U.S: 1) -> [[5, 1, 6, 0, 3, 7, 4, 2]] 
Generation 67 (1) (U.S: 1) -> [[5, 1, 6, 0, 3, 7, 4, 2]] 
Generation 68 (1) (U.S: 1) -> [[5, 1, 6, 0, 3, 7, 4, 2]] 
Generation 69 (1) (U.S: 1) -> [[5, 1, 6, 0, 3, 7, 4, 2]] 
Generation 70 (1) (U.S: 1) -> [[5, 1, 6, 0, 3, 7, 4, 2]] 
Generation 71 (1) (U.S: 1) -> [[5, 1, 6, 0, 3, 7, 4, 2]] 
Generation 72 (1) (U.S: 1) -> [[5, 1, 6, 0, 3, 7, 4, 2]] 
Generation 73 (1) (U.S: 1) -> [[5, 1, 6, 0, 3, 7, 4, 2]] 
Generation 74 (1) (U.S: 1) -> [[5, 1, 6, 0, 3, 7, 4, 2]] 
Generation 75 (1) (U.S: 1) -> [[5, 1, 6, 0, 3, 7, 4, 2]] 
Generation 76 (1) (U.S: 1) -> [[5, 1, 6, 0, 3, 7, 4, 2]] 
Generation 77 (1) (U.S: 1) -> [[5, 1, 6, 0, 3, 7, 4, 2]] 
Generation 78 (1) (U.S: 1) -> [[5, 1, 6, 0, 3, 7, 4, 2]] 
Generation 79 (1) (U.S: 1) -> [[5, 1, 6, 0, 3, 7, 4, 2]] 
Generation 80 (1) (U.S: 1) -> [[5, 1, 6, 0, 3, 7, 4, 2]] 
Generation 81 (1) (U.S: 1) -> [[5, 1, 6, 0, 3, 7, 4, 2]] 
Generation 82 (1) (U.S: 1) -> [[5, 1, 6, 0, 3, 7, 4, 2]] 
Generation 83 (1) (U.S: 1) -> [[5, 1, 6, 0, 3, 7, 4, 2]] 
Generation 84 (1) (U.S: 1) -> [[5, 1, 6, 0, 3, 7, 4, 2]] 
Generation 85 (1) (U.S: 1) -> [[5, 1, 6, 0, 3, 7, 4, 2]] 
Generation 86 (1) (U.S: 1) -> [[5, 1, 6, 0, 3, 7, 4, 2]] 
Generation 87 (1) (U.S: 1) -> [[5, 1, 6, 0, 3, 7, 4, 2]] 
Generation 88 (1) (U.S: 1) -> [[5, 1, 6, 0, 3, 7, 4, 2]] 
Generation 89 (1) (U.S: 1) -> [[5, 1, 6, 0, 3, 7, 4, 2]] 
Generation 90 (1) (U.S: 1) -> [[5, 1, 6, 0, 3, 7, 4, 2]] 
Generation 91 (1) (U.S: 1) -> [[5, 1, 6, 0, 3, 7, 4, 2]] 
Generation 92 (1) (U.S: 1) -> [[5, 1, 6, 0, 3, 7, 4, 2]] 
Generation 93 (1) (U.S: 1) -> [[5, 1, 6, 0, 3, 7, 4, 2]] 
Generation 94 (1) (U.S: 1) -> [[5, 1, 6, 0, 3, 7, 4, 2]] 
Generation 95 (1) (U.S: 1) -> [[5, 1, 6, 0, 3, 7, 4, 2]] 
Generation 96 (1) (U.S: 1) -> [[5, 1, 6, 0, 3, 7, 4, 2]] 
Generation 97 (1) (U.S: 1) -> [[5, 1, 6, 0, 3, 7, 4, 2]] 
Generation 98 (1) (U.S: 1) -> [[5, 1, 6, 0, 3, 7, 4, 2]] 
Generation 99 (1) (U.S: 1) -> [[5, 1, 6, 0, 3, 7, 4, 2]] 
Generation 100 (1) (U.S: 1) -> [[5, 1, 6, 0, 3, 7, 4, 2]] 
Generation 101 (1) (U.S: 1) -> [[5, 1, 6, 0, 3, 7, 4, 2]] 
Generation 102 (1) (U.S: 1) -> [[5, 1, 6, 0, 3, 7, 4, 2]] 
Generation 103 (1) (U.S: 1) -> [[5, 1, 6, 0, 3, 7, 4, 2]] 
Generation 104 (1) (U.S: 1) -> [[5, 1, 6, 0, 3, 7, 4, 2]] 
Generation 105 (1) (U.S: 1) -> [[5, 1, 6, 0, 3, 7, 4, 2]] 
Generation 106 (1) (U.S: 1) -> [[5, 1, 6, 0, 3, 7, 4, 2]] 
Generation 107 (1) (U.S: 1) -> [[5, 1, 6, 0, 3, 7, 4, 2]] 
Generation 108 (1) (U.S: 1) -> [[5, 1, 6, 0, 3, 7, 4, 2]] 
Generation 109 (1) (U.S: 1) -> [[5, 1, 6, 0, 3, 7, 4, 2]] 
Generation 110 (1) (U.S: 1) -> [[5, 1, 6, 0, 3, 7, 4, 2]] 
Generation 111 (1) (U.S: 1) -> [[5, 1, 6, 0, 3, 7, 4, 2]] 
Generation 112 (1) (U.S: 1) -> [[5, 1, 6, 0, 3, 7, 4, 2]] 
Generation 113 (1) (U.S: 1) -> [[5, 1, 6, 0, 3, 7, 4, 2]] 
Generation 114 (1) (U.S: 1) -> [[5, 1, 6, 0, 3, 7, 4, 2]] 
Generation 115 (1) (U.S: 1) -> [[5, 1, 6, 0, 3, 7, 4, 2]] 
Generation 116 (1) (U.S: 1) -> [[5, 1, 6, 0, 3, 7, 4, 2]] 
Generation 117 (1) (U.S: 1) -> [[5, 1, 6, 0, 3, 7, 4, 2]] 
Generation 118 (1) (U.S: 1) -> [[5, 1, 6, 0, 3, 7, 4, 2]] 
Generation 119 (1) (U.S: 1) -> [[5, 1, 6, 0, 3, 7, 4, 2]] 
Generation 120 (1) (U.S: 1) -> [[5, 1, 6, 0, 3, 7, 4, 2]] 
Generation 121 (1) (U.S: 1) -> [[5, 1, 6, 0, 3, 7, 4, 2]] 
Generation 122 (1) (U.S: 1) -> [[5, 1, 6, 0, 3, 7, 4, 2]] 
Generation 123 (1) (U.S: 1) -> [[5, 1, 6, 0, 3, 7, 4, 2]] 
Generation 124 (1) (U.S: 1) -> [[5, 1, 6, 0, 3, 7, 4, 2]] 
Generation 125 (1) (U.S: 1) -> [[5, 1, 6, 0, 3, 7, 4, 2]] 
Generation 126 (1) (U.S: 1) -> [[5, 1, 6, 0, 3, 7, 4, 2]] 
Generation 127 (1) (U.S: 1) -> [[5, 1, 6, 0, 3, 7, 4, 2]] 
Generation 128 (1) (U.S: 1) -> [[5, 1, 6, 0, 3, 7, 4, 2]] 
Generation 129 (1) (U.S: 1) -> [[5, 1, 6, 0, 3, 7, 4, 2]] 
Generation 130 (1) (U.S: 1) -> [[5, 1, 6, 0, 3, 7, 4, 2]] 
Generation 131 (1) (U.S: 1) -> [[5, 1, 6, 0, 3, 7, 4, 2]] 
Generation 132 (1) (U.S: 1) -> [[5, 1, 6, 0, 3, 7, 4, 2]] 
Generation 133 (1) (U.S: 1) -> [[5, 1, 6, 0, 3, 7, 4, 2]] 
Generation 134 (1) (U.S: 1) -> [[5, 1, 6, 0, 3, 7, 4, 2]] 
Generation 135 (1) (U.S: 1) -> [[5, 1, 6, 0, 3, 7, 4, 2]] 
Generation 136 (1) (U.S: 1) -> [[5, 1, 6, 0, 3, 7, 4, 2]] 
Generation 137 (1) (U.S: 1) -> [[5, 1, 6, 0, 3, 7, 4, 2]] 
Generation 138 (1) (U.S: 1) -> [[5, 1, 6, 0, 3, 7, 4, 2]] 
Generation 139 (1) (U.S: 1) -> [[5, 1, 6, 0, 3, 7, 4, 2]] 
Generation 140 (1) (U.S: 1) -> [[5, 1, 6, 0, 3, 7, 4, 2]] 
Generation 141 (1) (U.S: 1) -> [[5, 1, 6, 0, 3, 7, 4, 2]] 
Generation 142 (1) (U.S: 1) -> [[5, 1, 6, 0, 3, 7, 4, 2]] 
Generation 143 (1) (U.S: 1) -> [[5, 1, 6, 0, 3, 7, 4, 2]] 
Generation 144 (1) (U.S: 1) -> [[5, 1, 6, 0, 3, 7, 4, 2]] 
Generation 145 (1) (U.S: 1) -> [[5, 1, 6, 0, 3, 7, 4, 2]] 
Generation 146 (1) (U.S: 1) -> [[5, 1, 6, 0, 3, 7, 4, 2]] 
Generation 147 (1) (U.S: 1) -> [[5, 1, 6, 0, 3, 7, 4, 2]] 
Generation 148 (1) (U.S: 1) -> [[5, 1, 6, 0, 3, 7, 4, 2]] 
Generation 149 (1) (U.S: 1) -> [[5, 1, 6, 0, 3, 7, 4, 2]] 
Generation 150 (1) (U.S: 1) -> [[5, 1, 6, 0, 3, 7, 4, 2]] 
Generation 151 (1) (U.S: 1) -> [[5, 1, 6, 0, 3, 7, 4, 2]] 
Generation 152 (1) (U.S: 1) -> [[5, 1, 6, 0, 3, 7, 4, 2]] 
Generation 153 (1) (U.S: 1) -> [[5, 1, 6, 0, 3, 7, 4, 2]] 
Generation 154 (1) (U.S: 1) -> [[5, 1, 6, 0, 3, 7, 4, 2]] 
Generation 155 (1) (U.S: 1) -> [[5, 1, 6, 0, 3, 7, 4, 2]] 
Generation 156 (1) (U.S: 1) -> [[5, 1, 6, 0, 3, 7, 4, 2]] 
Generation 157 (1) (U.S: 1) -> [[5, 1, 6, 0, 3, 7, 4, 2]] 
Generation 158 (1) (U.S: 1) -> [[5, 1, 6, 0, 3, 7, 4, 2]] 
Generation 159 (1) (U.S: 1) -> [[5, 1, 6, 0, 3, 7, 4, 2]] 
Generation 160 (1) (U.S: 1) -> [[5, 1, 6, 0, 3, 7, 4, 2]] 
Generation 161 (1) (U.S: 1) -> [[5, 1, 6, 0, 3, 7, 4, 2]] 
Generation 162 (1) (U.S: 1) -> [[5, 1, 6, 0, 3, 7, 4, 2]] 
Generation 163 (1) (U.S: 1) -> [[5, 1, 6, 0, 3, 7, 4, 2]] 
Generation 164 (1) (U.S: 1) -> [[5, 1, 6, 0, 3, 7, 4, 2]] 
Generation 165 (1) (U.S: 1) -> [[5, 1, 6, 0, 3, 7, 4, 2]] 
Generation 166 (1) (U.S: 1) -> [[5, 1, 6, 0, 3, 7, 4, 2]] 
Generation 167 (1) (U.S: 1) -> [[5, 1, 6, 0, 3, 7, 4, 2]] 
Generation 168 (1) (U.S: 1) -> [[5, 1, 6, 0, 3, 7, 4, 2]] 
Generation 169 (1) (U.S: 1) -> [[5, 1, 6, 0, 3, 7, 4, 2]] 
Generation 170 (1) (U.S: 1) -> [[5, 1, 6, 0, 3, 7, 4, 2]] 
Generation 171 (1) (U.S: 1) -> [[5, 1, 6, 0, 3, 7, 4, 2]] 
Generation 172 (1) (U.S: 1) -> [[5, 1, 6, 0, 3, 7, 4, 2]] 
Generation 173 (1) (U.S: 1) -> [[5, 1, 6, 0, 3, 7, 4, 2]] 
Generation 174 (1) (U.S: 1) -> [[5, 1, 6, 0, 3, 7, 4, 2]] 
Generation 175 (1) (U.S: 1) -> [[5, 1, 6, 0, 3, 7, 4, 2]] 
Generation 176 (1) (U.S: 1) -> [[5, 1, 6, 0, 3, 7, 4, 2]] 
Generation 177 (1) (U.S: 1) -> [[5, 1, 6, 0, 3, 7, 4, 2]] 
Generation 178 (1) (U.S: 1) -> [[5, 1, 6, 0, 3, 7, 4, 2]] 
Generation 179 (1) (U.S: 1) -> [[5, 1, 6, 0, 3, 7, 4, 2]] 
Generation 180 (1) (U.S: 1) -> [[5, 1, 6, 0, 3, 7, 4, 2]] 
Generation 181 (1) (U.S: 1) -> [[5, 1, 6, 0, 3, 7, 4, 2]] 
Generation 182 (1) (U.S: 1) -> [[5, 1, 6, 0, 3, 7, 4, 2]] 
Generation 183 (1) (U.S: 1) -> [[5, 1, 6, 0, 3, 7, 4, 2]] 
Generation 184 (1) (U.S: 1) -> [[5, 1, 6, 0, 3, 7, 4, 2]] 
Generation 185 (1) (U.S: 1) -> [[5, 1, 6, 0, 3, 7, 4, 2]] 
Generation 186 (1) (U.S: 1) -> [[5, 1, 6, 0, 3, 7, 4, 2]] 
Generation 187 (1) (U.S: 1) -> [[5, 1, 6, 0, 3, 7, 4, 2]] 
Generation 188 (1) (U.S: 1) -> [[5, 1, 6, 0, 3, 7, 4, 2]] 
Generation 189 (1) (U.S: 1) -> [[5, 1, 6, 0, 3, 7, 4, 2]] 
Generation 190 (1) (U.S: 1) -> [[5, 1, 6, 0, 3, 7, 4, 2]] 
Generation 191 (1) (U.S: 1) -> [[5, 1, 6, 0, 3, 7, 4, 2]] 
Generation 192 (1) (U.S: 1) -> [[5, 1, 6, 0, 3, 7, 4, 2]] 
Generation 193 (1) (U.S: 1) -> [[5, 1, 6, 0, 3, 7, 4, 2]] 
Generation 194 (1) (U.S: 1) -> [[5, 1, 6, 0, 3, 7, 4, 2]] 
Generation 195 (1) (U.S: 1) -> [[5, 1, 6, 0, 3, 7, 4, 2]] 
Generation 196 (1) (U.S: 1) -> [[5, 1, 6, 0, 3, 7, 4, 2]] 
Generation 197 (1) (U.S: 1) -> [[5, 1, 6, 0, 3, 7, 4, 2]] 
Generation 198 (1) (U.S: 1) -> [[5, 1, 6, 0, 3, 7, 4, 2]] 
Generation 199 (1) (U.S: 1) -> [[5, 1, 6, 0, 3, 7, 4, 2]] 
Generation 200 (1) (U.S: 1) -> [[5, 1, 6, 0, 3, 7, 4, 2]] 
Generation 201 (1) (U.S: 1) -> [[5, 1, 6, 0, 3, 7, 4, 2]] 
Generation 202 (1) (U.S: 1) -> [[5, 1, 6, 0, 3, 7, 4, 2]] 
Generation 203 (1) (U.S: 1) -> [[5, 1, 6, 0, 3, 7, 4, 2]] 
Generation 204 (1) (U.S: 1) -> [[5, 1, 6, 0, 3, 7, 4, 2]] 
Generation 205 (1) (U.S: 1) -> [[5, 1, 6, 0, 3, 7, 4, 2]] 
Generation 206 (1) (U.S: 1) -> [[5, 1, 6, 0, 3, 7, 4, 2]] 
Generation 207 (1) (U.S: 1) -> [[5, 1, 6, 0, 3, 7, 4, 2]] 
Generation 208 (1) (U.S: 1) -> [[5, 1, 6, 0, 3, 7, 4, 2]] 
Generation 209 (1) (U.S: 1) -> [[5, 1, 6, 0, 3, 7, 4, 2]] 
Generation 210 (1) (U.S: 1) -> [[5, 1, 6, 0, 3, 7, 4, 2]] 
Generation 211 (1) (U.S: 1) -> [[5, 1, 6, 0, 3, 7, 4, 2]] 
Generation 212 (1) (U.S: 1) -> [[5, 1, 6, 0, 3, 7, 4, 2]] 
Generation 213 (1) (U.S: 1) -> [[5, 1, 6, 0, 3, 7, 4, 2]] 
Generation 214 (1) (U.S: 1) -> [[5, 1, 6, 0, 3, 7, 4, 2]] 
Generation 215 (1) (U.S: 1) -> [[5, 1, 6, 0, 3, 7, 4, 2]] 
Generation 216 (1) (U.S: 1) -> [[5, 1, 6, 0, 3, 7, 4, 2]] 
Generation 217 (1) (U.S: 1) -> [[5, 1, 6, 0, 3, 7, 4, 2]] 
Generation 218 (1) (U.S: 1) -> [[5, 1, 6, 0, 3, 7, 4, 2]] 
Generation 219 (1) (U.S: 1) -> [[5, 1, 6, 0, 3, 7, 4, 2]] 
Generation 220 (1) (U.S: 1) -> [[5, 1, 6, 0, 3, 7, 4, 2]] 
Generation 221 (1) (U.S: 1) -> [[5, 1, 6, 0, 3, 7, 4, 2]] 
Generation 222 (1) (U.S: 1) -> [[5, 1, 6, 0, 3, 7, 4, 2]] 
Generation 223 (1) (U.S: 1) -> [[5, 1, 6, 0, 3, 7, 4, 2]] 
Generation 224 (1) (U.S: 1) -> [[5, 1, 6, 0, 3, 7, 4, 2]] 
Generation 225 (1) (U.S: 1) -> [[5, 1, 6, 0, 3, 7, 4, 2]] 
Generation 226 (1) (U.S: 1) -> [[5, 1, 6, 0, 3, 7, 4, 2]] 
Generation 227 (1) (U.S: 1) -> [[5, 1, 6, 0, 3, 7, 4, 2]] 
Generation 228 (1) (U.S: 1) -> [[5, 1, 6, 0, 3, 7, 4, 2]] 
Generation 229 (1) (U.S: 1) -> [[5, 1, 6, 0, 3, 7, 4, 2]] 
Generation 230 (1) (U.S: 1) -> [[5, 1, 6, 0, 3, 7, 4, 2]] 
Generation 231 (1) (U.S: 1) -> [[5, 1, 6, 0, 3, 7, 4, 2]] 
Generation 232 (1) (U.S: 1) -> [[5, 1, 6, 0, 3, 7, 4, 2]] 
Generation 233 (1) (U.S: 1) -> [[5, 1, 6, 0, 3, 7, 4, 2]] 
Generation 234 (1) (U.S: 1) -> [[5, 1, 6, 0, 3, 7, 4, 2]] 
Generation 235 (1) (U.S: 1) -> [[5, 1, 6, 0, 3, 7, 4, 2]] 
Generation 236 (1) (U.S: 1) -> [[5, 1, 6, 0, 3, 7, 4, 2]] 
Generation 237 (1) (U.S: 1) -> [[5, 1, 6, 0, 3, 7, 4, 2]] 
Generation 238 (1) (U.S: 1) -> [[5, 1, 6, 0, 3, 7, 4, 2]] 
Generation 239 (1) (U.S: 1) -> [[5, 1, 6, 0, 3, 7, 4, 2]] 
Generation 240 (1) (U.S: 1) -> [[5, 1, 6, 0, 3, 7, 4, 2]] 
Generation 241 (1) (U.S: 1) -> [[5, 1, 6, 0, 3, 7, 4, 2]] 
Generation 242 (1) (U.S: 1) -> [[5, 1, 6, 0, 3, 7, 4, 2]] 
Generation 243 (1) (U.S: 1) -> [[5, 1, 6, 0, 3, 7, 4, 2]] 
Generation 244 (1) (U.S: 1) -> [[5, 1, 6, 0, 3, 7, 4, 2]] 
Generation 245 (1) (U.S: 1) -> [[5, 1, 6, 0, 3, 7, 4, 2]] 
Generation 246 (1) (U.S: 1) -> [[5, 1, 6, 0, 3, 7, 4, 2]] 
Generation 247 (1) (U.S: 1) -> [[5, 1, 6, 0, 3, 7, 4, 2]] 
Generation 248 (1) (U.S: 1) -> [[5, 1, 6, 0, 3, 7, 4, 2]] 
Generation 249 (1) (U.S: 1) -> [[5, 1, 6, 0, 3, 7, 4, 2]] 
Generation 250 (1) (U.S: 1) -> [[5, 1, 6, 0, 3, 7, 4, 2]] 
Generation 251 (1) (U.S: 1) -> [[5, 1, 6, 0, 3, 7, 4, 2]] 
Generation 252 (1) (U.S: 1) -> [[5, 1, 6, 0, 3, 7, 4, 2]] 
Generation 253 (1) (U.S: 1) -> [[5, 1, 6, 0, 3, 7, 4, 2]] 
Generation 254 (1) (U.S: 1) -> [[5, 1, 6, 0, 3, 7, 4, 2]] 
Generation 255 (1) (U.S: 1) -> [[5, 1, 6, 0, 3, 7, 4, 2]] 
Generation 256 (1) (U.S: 1) -> [[5, 1, 6, 0, 3, 7, 4, 2]] 
Generation 257 (1) (U.S: 1) -> [[5, 1, 6, 0, 3, 7, 4, 2]] 
Generation 258 (1) (U.S: 1) -> [[5, 1, 6, 0, 3, 7, 4, 2]] 
Generation 259 (1) (U.S: 1) -> [[5, 1, 6, 0, 3, 7, 4, 2]] 
Generation 260 (1) (U.S: 1) -> [[5, 1, 6, 0, 3, 7, 4, 2]] 
Generation 261 (1) (U.S: 1) -> [[5, 1, 6, 0, 3, 7, 4, 2]] 
Generation 262 (1) (U.S: 1) -> [[5, 1, 6, 0, 3, 7, 4, 2]] 
Generation 263 (1) (U.S: 1) -> [[5, 1, 6, 0, 3, 7, 4, 2]] 
Generation 264 (1) (U.S: 1) -> [[5, 1, 6, 0, 3, 7, 4, 2]] 
Generation 265 (1) (U.S: 1) -> [[5, 1, 6, 0, 3, 7, 4, 2]] 
Generation 266 (1) (U.S: 1) -> [[5, 1, 6, 0, 3, 7, 4, 2]] 
Generation 267 (1) (U.S: 1) -> [[5, 1, 6, 0, 3, 7, 4, 2]] 
Generation 268 (1) (U.S: 1) -> [[5, 1, 6, 0, 3, 7, 4, 2]] 
Generation 269 (1) (U.S: 1) -> [[5, 1, 6, 0, 3, 7, 4, 2]] 
Generation 270 (1) (U.S: 1) -> [[5, 1, 6, 0, 3, 7, 4, 2]] 
Generation 271 (1) (U.S: 1) -> [[5, 1, 6, 0, 3, 7, 4, 2]] 
Generation 272 (1) (U.S: 1) -> [[5, 1, 6, 0, 3, 7, 4, 2]] 
Generation 273 (1) (U.S: 1) -> [[5, 1, 6, 0, 3, 7, 4, 2]] 
Generation 274 (1) (U.S: 1) -> [[5, 1, 6, 0, 3, 7, 4, 2]] 
Generation 275 (1) (U.S: 1) -> [[5, 1, 6, 0, 3, 7, 4, 2]] 
Generation 276 (1) (U.S: 1) -> [[5, 1, 6, 0, 3, 7, 4, 2]] 
Generation 277 (1) (U.S: 1) -> [[5, 1, 6, 0, 3, 7, 4, 2]] 
Generation 278 (1) (U.S: 1) -> [[5, 1, 6, 0, 3, 7, 4, 2]] 
Generation 279 (1) (U.S: 1) -> [[5, 1, 6, 0, 3, 7, 4, 2]] 
Generation 280 (1) (U.S: 1) -> [[5, 1, 6, 0, 3, 7, 4, 2]] 
Generation 281 (1) (U.S: 1) -> [[5, 1, 6, 0, 3, 7, 4, 2]] 
Generation 282 (1) (U.S: 1) -> [[5, 1, 6, 0, 3, 7, 4, 2]] 
Generation 283 (1) (U.S: 1) -> [[5, 1, 6, 0, 3, 7, 4, 2]] 
Generation 284 (1) (U.S: 1) -> [[5, 1, 6, 0, 3, 7, 4, 2]] 
Generation 285 (1) (U.S: 1) -> [[5, 1, 6, 0, 3, 7, 4, 2]] 
Generation 286 (1) (U.S: 1) -> [[5, 1, 6, 0, 3, 7, 4, 2]] 
Generation 287 (1) (U.S: 1) -> [[5, 1, 6, 0, 3, 7, 4, 2]] 
Generation 288 (1) (U.S: 1) -> [[5, 1, 6, 0, 3, 7, 4, 2]] 
Generation 289 (1) (U.S: 1) -> [[5, 1, 6, 0, 3, 7, 4, 2]] 
Generation 290 (1) (U.S: 1) -> [[5, 1, 6, 0, 3, 7, 4, 2]] 
Generation 291 (1) (U.S: 1) -> [[5, 1, 6, 0, 3, 7, 4, 2]] 
Generation 292 (1) (U.S: 1) -> [[5, 1, 6, 0, 3, 7, 4, 2]] 
Generation 293 (1) (U.S: 1) -> [[5, 1, 6, 0, 3, 7, 4, 2]] 
Generation 294 (1) (U.S: 1) -> [[5, 1, 6, 0, 3, 7, 4, 2]] 
Generation 295 (1) (U.S: 1) -> [[5, 1, 6, 0, 3, 7, 4, 2]] 
Generation 296 (1) (U.S: 1) -> [[5, 1, 6, 0, 3, 7, 4, 2]] 
Generation 297 (1) (U.S: 1) -> [[5, 1, 6, 0, 3, 7, 4, 2]] 
Generation 298 (1) (U.S: 1) -> [[5, 1, 6, 0, 3, 7, 4, 2]] 
Generation 299 (1) (U.S: 1) -> [[5, 1, 6, 0, 3, 7, 4, 2]] 
Generation 300 (1) (U.S: 1) -> [[5, 1, 6, 0, 3, 7, 4, 2]] 
Generation 301 (1) (U.S: 1) -> [[5, 1, 6, 0, 3, 7, 4, 2]] 
Generation 302 (1) (U.S: 1) -> [[5, 1, 6, 0, 3, 7, 4, 2]] 
Generation 303 (1) (U.S: 1) -> [[5, 1, 6, 0, 3, 7, 4, 2]] 
Generation 304 (1) (U.S: 1) -> [[5, 1, 6, 0, 3, 7, 4, 2]] 
Generation 305 (1) (U.S: 1) -> [[5, 1, 6, 0, 3, 7, 4, 2]] 
Generation 306 (1) (U.S: 1) -> [[5, 1, 6, 0, 3, 7, 4, 2]] 
Generation 307 (1) (U.S: 1) -> [[5, 1, 6, 0, 3, 7, 4, 2]] 
Generation 308 (1) (U.S: 1) -> [[5, 1, 6, 0, 3, 7, 4, 2]] 
Generation 309 (1) (U.S: 1) -> [[5, 1, 6, 0, 3, 7, 4, 2]] 
Generation 310 (1) (U.S: 1) -> [[5, 1, 6, 0, 3, 7, 4, 2]] 
Generation 311 (1) (U.S: 1) -> [[5, 1, 6, 0, 3, 7, 4, 2]] 
Generation 312 (1) (U.S: 1) -> [[5, 1, 6, 0, 3, 7, 4, 2]] 
Generation 313 (1) (U.S: 1) -> [[5, 1, 6, 0, 3, 7, 4, 2]] 
Generation 314 (1) (U.S: 1) -> [[5, 1, 6, 0, 3, 7, 4, 2]] 
Generation 315 (1) (U.S: 1) -> [[5, 1, 6, 0, 3, 7, 4, 2]] 
Generation 316 (1) (U.S: 1) -> [[5, 1, 6, 0, 3, 7, 4, 2]] 
Generation 317 (1) (U.S: 1) -> [[5, 1, 6, 0, 3, 7, 4, 2]] 
Generation 318 (1) (U.S: 1) -> [[5, 1, 6, 0, 3, 7, 4, 2]] 
Generation 319 (1) (U.S: 1) -> [[5, 1, 6, 0, 3, 7, 4, 2]] 
Generation 320 (1) (U.S: 1) -> [[5, 1, 6, 0, 3, 7, 4, 2]] 
Generation 321 (1) (U.S: 1) -> [[5, 1, 6, 0, 3, 7, 4, 2]] 
Generation 322 (1) (U.S: 1) -> [[5, 1, 6, 0, 3, 7, 4, 2]] 
Generation 323 (1) (U.S: 1) -> [[5, 1, 6, 0, 3, 7, 4, 2]] 
Generation 324 (1) (U.S: 1) -> [[5, 1, 6, 0, 3, 7, 4, 2]] 
Generation 325 (1) (U.S: 1) -> [[5, 1, 6, 0, 3, 7, 4, 2]] 
Generation 326 (1) (U.S: 1) -> [[5, 1, 6, 0, 3, 7, 4, 2]] 
Generation 327 (1) (U.S: 1) -> [[5, 1, 6, 0, 3, 7, 4, 2]] 
Generation 328 (1) (U.S: 1) -> [[5, 1, 6, 0, 3, 7, 4, 2]] 
Generation 329 (1) (U.S: 1) -> [[5, 1, 6, 0, 3, 7, 4, 2]] 
Generation 330 (1) (U.S: 1) -> [[5, 1, 6, 0, 3, 7, 4, 2]] 
Generation 331 (1) (U.S: 1) -> [[5, 1, 6, 0, 3, 7, 4, 2]] 
Generation 332 (2) (U.S: 2) -> [[2, 5, 1, 6, 4, 0, 7, 3], [5, 1, 6, 0, 3, 7, 4, 2]] 
Generation 333 (2) (U.S: 2) -> [[2, 5, 1, 6, 4, 0, 7, 3], [5, 1, 6, 0, 3, 7, 4, 2]] 
Generation 334 (2) (U.S: 2) -> [[2, 5, 1, 6, 4, 0, 7, 3], [5, 1, 6, 0, 3, 7, 4, 2]] 
Generation 335 (2) (U.S: 2) -> [[2, 5, 1, 6, 4, 0, 7, 3], [5, 1, 6, 0, 3, 7, 4, 2]] 
Generation 336 (2) (U.S: 2) -> [[2, 5, 1, 6, 4, 0, 7, 3], [5, 1, 6, 0, 3, 7, 4, 2]] 
Generation 337 (2) (U.S: 2) -> [[2, 5, 1, 6, 4, 0, 7, 3], [5, 1, 6, 0, 3, 7, 4, 2]] 
Generation 338 (2) (U.S: 2) -> [[2, 5, 1, 6, 4, 0, 7, 3], [5, 1, 6, 0, 3, 7, 4, 2]] 
Generation 339 (2) (U.S: 2) -> [[2, 5, 1, 6, 4, 0, 7, 3], [5, 1, 6, 0, 3, 7, 4, 2]] 
Generation 340 (2) (U.S: 2) -> [[2, 5, 1, 6, 4, 0, 7, 3], [5, 1, 6, 0, 3, 7, 4, 2]] 
Generation 341 (3) (U.S: 3) -> [[2, 5, 1, 6, 4, 0, 7, 3], [4, 6, 0, 3, 1, 7, 5, 2], [5, 1, 6, 0, 3, 7, 4, 2]] 
Generation 342 (3) (U.S: 3) -> [[2, 5, 1, 6, 4, 0, 7, 3], [4, 6, 0, 3, 1, 7, 5, 2], [5, 1, 6, 0, 3, 7, 4, 2]] 
Generation 343 (3) (U.S: 3) -> [[2, 5, 1, 6, 4, 0, 7, 3], [4, 6, 0, 3, 1, 7, 5, 2], [5, 1, 6, 0, 3, 7, 4, 2]] 
Generation 344 (3) (U.S: 3) -> [[2, 5, 1, 6, 4, 0, 7, 3], [4, 6, 0, 3, 1, 7, 5, 2], [5, 1, 6, 0, 3, 7, 4, 2]] 
Generation 345 (3) (U.S: 3) -> [[2, 5, 1, 6, 4, 0, 7, 3], [4, 6, 0, 3, 1, 7, 5, 2], [5, 1, 6, 0, 3, 7, 4, 2]] 
Generation 346 (3) (U.S: 3) -> [[2, 5, 1, 6, 4, 0, 7, 3], [4, 6, 0, 3, 1, 7, 5, 2], [5, 1, 6, 0, 3, 7, 4, 2]] 
Generation 347 (3) (U.S: 3) -> [[2, 5, 1, 6, 4, 0, 7, 3], [4, 6, 0, 3, 1, 7, 5, 2], [5, 1, 6, 0, 3, 7, 4, 2]] 
Generation 348 (3) (U.S: 3) -> [[2, 5, 1, 6, 4, 0, 7, 3], [4, 6, 0, 3, 1, 7, 5, 2], [5, 1, 6, 0, 3, 7, 4, 2]] 
Generation 349 (3) (U.S: 3) -> [[2, 5, 1, 6, 4, 0, 7, 3], [4, 6, 0, 3, 1, 7, 5, 2], [5, 1, 6, 0, 3, 7, 4, 2]] 
Generation 350 (3) (U.S: 3) -> [[2, 5, 1, 6, 4, 0, 7, 3], [4, 6, 0, 3, 1, 7, 5, 2], [5, 1, 6, 0, 3, 7, 4, 2]] 
Generation 351 (3) (U.S: 3) -> [[2, 5, 1, 6, 4, 0, 7, 3], [4, 6, 0, 3, 1, 7, 5, 2], [5, 1, 6, 0, 3, 7, 4, 2]] 
Generation 352 (3) (U.S: 3) -> [[2, 5, 1, 6, 4, 0, 7, 3], [4, 6, 0, 3, 1, 7, 5, 2], [5, 1, 6, 0, 3, 7, 4, 2]] 
Generation 353 (3) (U.S: 3) -> [[2, 5, 1, 6, 4, 0, 7, 3], [4, 6, 0, 3, 1, 7, 5, 2], [5, 1, 6, 0, 3, 7, 4, 2]] 
Generation 354 (3) (U.S: 3) -> [[2, 5, 1, 6, 4, 0, 7, 3], [4, 6, 0, 3, 1, 7, 5, 2], [5, 1, 6, 0, 3, 7, 4, 2]] 
Generation 355 (3) (U.S: 3) -> [[2, 5, 1, 6, 4, 0, 7, 3], [4, 6, 0, 3, 1, 7, 5, 2], [5, 1, 6, 0, 3, 7, 4, 2]] 
Generation 356 (3) (U.S: 3) -> [[2, 5, 1, 6, 4, 0, 7, 3], [4, 6, 0, 3, 1, 7, 5, 2], [5, 1, 6, 0, 3, 7, 4, 2]] 
Generation 357 (3) (U.S: 3) -> [[2, 5, 1, 6, 4, 0, 7, 3], [4, 6, 0, 3, 1, 7, 5, 2], [5, 1, 6, 0, 3, 7, 4, 2]] 
Generation 358 (3) (U.S: 3) -> [[2, 5, 1, 6, 4, 0, 7, 3], [4, 6, 0, 3, 1, 7, 5, 2], [5, 1, 6, 0, 3, 7, 4, 2]] 
Generation 359 (3) (U.S: 3) -> [[2, 5, 1, 6, 4, 0, 7, 3], [4, 6, 0, 3, 1, 7, 5, 2], [5, 1, 6, 0, 3, 7, 4, 2]] 
Generation 360 (3) (U.S: 3) -> [[2, 5, 1, 6, 4, 0, 7, 3], [4, 6, 0, 3, 1, 7, 5, 2], [5, 1, 6, 0, 3, 7, 4, 2]] 
Generation 361 (3) (U.S: 3) -> [[2, 5, 1, 6, 4, 0, 7, 3], [4, 6, 0, 3, 1, 7, 5, 2], [5, 1, 6, 0, 3, 7, 4, 2]] 
Generation 362 (3) (U.S: 3) -> [[2, 5, 1, 6, 4, 0, 7, 3], [4, 6, 0, 3, 1, 7, 5, 2], [5, 1, 6, 0, 3, 7, 4, 2]] 
Generation 363 (3) (U.S: 3) -> [[2, 5, 1, 6, 4, 0, 7, 3], [4, 6, 0, 3, 1, 7, 5, 2], [5, 1, 6, 0, 3, 7, 4, 2]] 
Generation 364 (3) (U.S: 3) -> [[2, 5, 1, 6, 4, 0, 7, 3], [4, 6, 0, 3, 1, 7, 5, 2], [5, 1, 6, 0, 3, 7, 4, 2]] 
Generation 365 (3) (U.S: 3) -> [[2, 5, 1, 6, 4, 0, 7, 3], [4, 6, 0, 3, 1, 7, 5, 2], [5, 1, 6, 0, 3, 7, 4, 2]] 
Generation 366 (3) (U.S: 3) -> [[2, 5, 1, 6, 4, 0, 7, 3], [4, 6, 0, 3, 1, 7, 5, 2], [5, 1, 6, 0, 3, 7, 4, 2]] 
Generation 367 (3) (U.S: 3) -> [[2, 5, 1, 6, 4, 0, 7, 3], [4, 6, 0, 3, 1, 7, 5, 2], [5, 1, 6, 0, 3, 7, 4, 2]] 
Generation 368 (3) (U.S: 3) -> [[2, 5, 1, 6, 4, 0, 7, 3], [4, 6, 0, 3, 1, 7, 5, 2], [5, 1, 6, 0, 3, 7, 4, 2]] 
Generation 369 (4) (U.S: 4) -> [[2, 5, 1, 6, 4, 0, 7, 3], [4, 6, 0, 3, 1, 7, 5, 2], [4, 2, 0, 6, 1, 7, 5, 3], [5, 1, 6, 0, 3, 7, 4, 2]] 
Generation 370 (4) (U.S: 4) -> [[2, 5, 1, 6, 4, 0, 7, 3], [4, 6, 0, 3, 1, 7, 5, 2], [4, 2, 0, 6, 1, 7, 5, 3], [5, 1, 6, 0, 3, 7, 4, 2]] 
Generation 371 (4) (U.S: 4) -> [[2, 5, 1, 6, 4, 0, 7, 3], [4, 6, 0, 3, 1, 7, 5, 2], [4, 2, 0, 6, 1, 7, 5, 3], [5, 1, 6, 0, 3, 7, 4, 2]] 
Generation 372 (4) (U.S: 4) -> [[2, 5, 1, 6, 4, 0, 7, 3], [4, 6, 0, 3, 1, 7, 5, 2], [4, 2, 0, 6, 1, 7, 5, 3], [5, 1, 6, 0, 3, 7, 4, 2]] 
Generation 373 (4) (U.S: 4) -> [[2, 5, 1, 6, 4, 0, 7, 3], [4, 6, 0, 3, 1, 7, 5, 2], [4, 2, 0, 6, 1, 7, 5, 3], [5, 1, 6, 0, 3, 7, 4, 2]] 
Generation 374 (4) (U.S: 4) -> [[2, 5, 1, 6, 4, 0, 7, 3], [4, 6, 0, 3, 1, 7, 5, 2], [4, 2, 0, 6, 1, 7, 5, 3], [5, 1, 6, 0, 3, 7, 4, 2]] 
Generation 375 (4) (U.S: 4) -> [[2, 5, 1, 6, 4, 0, 7, 3], [4, 6, 0, 3, 1, 7, 5, 2], [4, 2, 0, 6, 1, 7, 5, 3], [5, 1, 6, 0, 3, 7, 4, 2]] 
Generation 376 (4) (U.S: 4) -> [[2, 5, 1, 6, 4, 0, 7, 3], [4, 6, 0, 3, 1, 7, 5, 2], [4, 2, 0, 6, 1, 7, 5, 3], [5, 1, 6, 0, 3, 7, 4, 2]] 
Generation 377 (4) (U.S: 4) -> [[2, 5, 1, 6, 4, 0, 7, 3], [4, 6, 0, 3, 1, 7, 5, 2], [4, 2, 0, 6, 1, 7, 5, 3], [5, 1, 6, 0, 3, 7, 4, 2]] 
Generation 378 (4) (U.S: 4) -> [[2, 5, 1, 6, 4, 0, 7, 3], [4, 6, 0, 3, 1, 7, 5, 2], [4, 2, 0, 6, 1, 7, 5, 3], [5, 1, 6, 0, 3, 7, 4, 2]] 
Generation 379 (4) (U.S: 4) -> [[2, 5, 1, 6, 4, 0, 7, 3], [4, 6, 0, 3, 1, 7, 5, 2], [4, 2, 0, 6, 1, 7, 5, 3], [5, 1, 6, 0, 3, 7, 4, 2]] 
Generation 380 (4) (U.S: 4) -> [[2, 5, 1, 6, 4, 0, 7, 3], [4, 6, 0, 3, 1, 7, 5, 2], [4, 2, 0, 6, 1, 7, 5, 3], [5, 1, 6, 0, 3, 7, 4, 2]] 
Generation 381 (4) (U.S: 4) -> [[2, 5, 1, 6, 4, 0, 7, 3], [4, 6, 0, 3, 1, 7, 5, 2], [4, 2, 0, 6, 1, 7, 5, 3], [5, 1, 6, 0, 3, 7, 4, 2]] 
Generation 382 (4) (U.S: 4) -> [[2, 5, 1, 6, 4, 0, 7, 3], [4, 6, 0, 3, 1, 7, 5, 2], [4, 2, 0, 6, 1, 7, 5, 3], [5, 1, 6, 0, 3, 7, 4, 2]] 
Generation 383 (4) (U.S: 4) -> [[2, 5, 1, 6, 4, 0, 7, 3], [4, 6, 0, 3, 1, 7, 5, 2], [4, 2, 0, 6, 1, 7, 5, 3], [5, 1, 6, 0, 3, 7, 4, 2]] 
Generation 384 (4) (U.S: 4) -> [[2, 5, 1, 6, 4, 0, 7, 3], [4, 6, 0, 3, 1, 7, 5, 2], [4, 2, 0, 6, 1, 7, 5, 3], [5, 1, 6, 0, 3, 7, 4, 2]] 
Generation 385 (4) (U.S: 4) -> [[2, 5, 1, 6, 4, 0, 7, 3], [4, 6, 0, 3, 1, 7, 5, 2], [4, 2, 0, 6, 1, 7, 5, 3], [5, 1, 6, 0, 3, 7, 4, 2]] 
Generation 386 (4) (U.S: 4) -> [[2, 5, 1, 6, 4, 0, 7, 3], [4, 6, 0, 3, 1, 7, 5, 2], [4, 2, 0, 6, 1, 7, 5, 3], [5, 1, 6, 0, 3, 7, 4, 2]] 
Generation 387 (4) (U.S: 4) -> [[2, 5, 1, 6, 4, 0, 7, 3], [4, 6, 0, 3, 1, 7, 5, 2], [4, 2, 0, 6, 1, 7, 5, 3], [5, 1, 6, 0, 3, 7, 4, 2]] 
Generation 388 (4) (U.S: 4) -> [[2, 5, 1, 6, 4, 0, 7, 3], [4, 6, 0, 3, 1, 7, 5, 2], [4, 2, 0, 6, 1, 7, 5, 3], [5, 1, 6, 0, 3, 7, 4, 2]] 
Generation 389 (4) (U.S: 4) -> [[2, 5, 1, 6, 4, 0, 7, 3], [4, 6, 0, 3, 1, 7, 5, 2], [4, 2, 0, 6, 1, 7, 5, 3], [5, 1, 6, 0, 3, 7, 4, 2]] 
Generation 390 (4) (U.S: 4) -> [[2, 5, 1, 6, 4, 0, 7, 3], [4, 6, 0, 3, 1, 7, 5, 2], [4, 2, 0, 6, 1, 7, 5, 3], [5, 1, 6, 0, 3, 7, 4, 2]] 
Generation 391 (4) (U.S: 4) -> [[2, 5, 1, 6, 4, 0, 7, 3], [4, 6, 0, 3, 1, 7, 5, 2], [4, 2, 0, 6, 1, 7, 5, 3], [5, 1, 6, 0, 3, 7, 4, 2]] 
Generation 392 (4) (U.S: 4) -> [[2, 5, 1, 6, 4, 0, 7, 3], [4, 6, 0, 3, 1, 7, 5, 2], [4, 2, 0, 6, 1, 7, 5, 3], [5, 1, 6, 0, 3, 7, 4, 2]] 
Generation 393 (4) (U.S: 4) -> [[2, 5, 1, 6, 4, 0, 7, 3], [4, 6, 0, 3, 1, 7, 5, 2], [4, 2, 0, 6, 1, 7, 5, 3], [5, 1, 6, 0, 3, 7, 4, 2]] 
Generation 394 (4) (U.S: 4) -> [[2, 5, 1, 6, 4, 0, 7, 3], [4, 6, 0, 3, 1, 7, 5, 2], [4, 2, 0, 6, 1, 7, 5, 3], [5, 1, 6, 0, 3, 7, 4, 2]] 
Generation 395 (4) (U.S: 4) -> [[2, 5, 1, 6, 4, 0, 7, 3], [4, 6, 0, 3, 1, 7, 5, 2], [4, 2, 0, 6, 1, 7, 5, 3], [5, 1, 6, 0, 3, 7, 4, 2]] 
Generation 396 (4) (U.S: 4) -> [[2, 5, 1, 6, 4, 0, 7, 3], [4, 6, 0, 3, 1, 7, 5, 2], [4, 2, 0, 6, 1, 7, 5, 3], [5, 1, 6, 0, 3, 7, 4, 2]] 
Generation 397 (4) (U.S: 4) -> [[2, 5, 1, 6, 4, 0, 7, 3], [4, 6, 0, 3, 1, 7, 5, 2], [4, 2, 0, 6, 1, 7, 5, 3], [5, 1, 6, 0, 3, 7, 4, 2]] 
Generation 398 (4) (U.S: 4) -> [[2, 5, 1, 6, 4, 0, 7, 3], [4, 6, 0, 3, 1, 7, 5, 2], [4, 2, 0, 6, 1, 7, 5, 3], [5, 1, 6, 0, 3, 7, 4, 2]] 
Generation 399 (4) (U.S: 4) -> [[2, 5, 1, 6, 4, 0, 7, 3], [4, 6, 0, 3, 1, 7, 5, 2], [4, 2, 0, 6, 1, 7, 5, 3], [5, 1, 6, 0, 3, 7, 4, 2]] 
Generation 400 (4) (U.S: 4) -> [[2, 5, 1, 6, 4, 0, 7, 3], [4, 6, 0, 3, 1, 7, 5, 2], [4, 2, 0, 6, 1, 7, 5, 3], [5, 1, 6, 0, 3, 7, 4, 2]] 
Generation 401 (4) (U.S: 4) -> [[2, 5, 1, 6, 4, 0, 7, 3], [4, 6, 0, 3, 1, 7, 5, 2], [4, 2, 0, 6, 1, 7, 5, 3], [5, 1, 6, 0, 3, 7, 4, 2]] 
Generation 402 (4) (U.S: 4) -> [[2, 5, 1, 6, 4, 0, 7, 3], [4, 6, 0, 3, 1, 7, 5, 2], [4, 2, 0, 6, 1, 7, 5, 3], [5, 1, 6, 0, 3, 7, 4, 2]] 
Generation 403 (4) (U.S: 4) -> [[2, 5, 1, 6, 4, 0, 7, 3], [4, 6, 0, 3, 1, 7, 5, 2], [4, 2, 0, 6, 1, 7, 5, 3], [5, 1, 6, 0, 3, 7, 4, 2]] 
Generation 404 (4) (U.S: 4) -> [[2, 5, 1, 6, 4, 0, 7, 3], [4, 6, 0, 3, 1, 7, 5, 2], [4, 2, 0, 6, 1, 7, 5, 3], [5, 1, 6, 0, 3, 7, 4, 2]] 
Generation 405 (4) (U.S: 4) -> [[2, 5, 1, 6, 4, 0, 7, 3], [4, 6, 0, 3, 1, 7, 5, 2], [4, 2, 0, 6, 1, 7, 5, 3], [5, 1, 6, 0, 3, 7, 4, 2]] 
Generation 406 (4) (U.S: 4) -> [[2, 5, 1, 6, 4, 0, 7, 3], [4, 6, 0, 3, 1, 7, 5, 2], [4, 2, 0, 6, 1, 7, 5, 3], [5, 1, 6, 0, 3, 7, 4, 2]] 
Generation 407 (4) (U.S: 4) -> [[2, 5, 1, 6, 4, 0, 7, 3], [4, 6, 0, 3, 1, 7, 5, 2], [4, 2, 0, 6, 1, 7, 5, 3], [5, 1, 6, 0, 3, 7, 4, 2]] 
Generation 408 (4) (U.S: 4) -> [[2, 5, 1, 6, 4, 0, 7, 3], [4, 6, 0, 3, 1, 7, 5, 2], [4, 2, 0, 6, 1, 7, 5, 3], [5, 1, 6, 0, 3, 7, 4, 2]] 
Generation 409 (4) (U.S: 4) -> [[2, 5, 1, 6, 4, 0, 7, 3], [4, 6, 0, 3, 1, 7, 5, 2], [4, 2, 0, 6, 1, 7, 5, 3], [5, 1, 6, 0, 3, 7, 4, 2]] 
Generation 410 (4) (U.S: 4) -> [[2, 5, 1, 6, 4, 0, 7, 3], [4, 6, 0, 3, 1, 7, 5, 2], [4, 2, 0, 6, 1, 7, 5, 3], [5, 1, 6, 0, 3, 7, 4, 2]] 
Generation 411 (4) (U.S: 4) -> [[2, 5, 1, 6, 4, 0, 7, 3], [4, 6, 0, 3, 1, 7, 5, 2], [4, 2, 0, 6, 1, 7, 5, 3], [5, 1, 6, 0, 3, 7, 4, 2]] 
Generation 412 (4) (U.S: 4) -> [[2, 5, 1, 6, 4, 0, 7, 3], [4, 6, 0, 3, 1, 7, 5, 2], [4, 2, 0, 6, 1, 7, 5, 3], [5, 1, 6, 0, 3, 7, 4, 2]] 
Generation 413 (4) (U.S: 4) -> [[2, 5, 1, 6, 4, 0, 7, 3], [4, 6, 0, 3, 1, 7, 5, 2], [4, 2, 0, 6, 1, 7, 5, 3], [5, 1, 6, 0, 3, 7, 4, 2]] 
Generation 414 (4) (U.S: 4) -> [[2, 5, 1, 6, 4, 0, 7, 3], [4, 6, 0, 3, 1, 7, 5, 2], [4, 2, 0, 6, 1, 7, 5, 3], [5, 1, 6, 0, 3, 7, 4, 2]] 
Generation 415 (4) (U.S: 4) -> [[2, 5, 1, 6, 4, 0, 7, 3], [4, 6, 0, 3, 1, 7, 5, 2], [4, 2, 0, 6, 1, 7, 5, 3], [5, 1, 6, 0, 3, 7, 4, 2]] 
Generation 416 (4) (U.S: 4) -> [[2, 5, 1, 6, 4, 0, 7, 3], [4, 6, 0, 3, 1, 7, 5, 2], [4, 2, 0, 6, 1, 7, 5, 3], [5, 1, 6, 0, 3, 7, 4, 2]] 
Generation 417 (4) (U.S: 4) -> [[2, 5, 1, 6, 4, 0, 7, 3], [4, 6, 0, 3, 1, 7, 5, 2], [4, 2, 0, 6, 1, 7, 5, 3], [5, 1, 6, 0, 3, 7, 4, 2]] 
Generation 418 (4) (U.S: 4) -> [[2, 5, 1, 6, 4, 0, 7, 3], [4, 6, 0, 3, 1, 7, 5, 2], [4, 2, 0, 6, 1, 7, 5, 3], [5, 1, 6, 0, 3, 7, 4, 2]] 
Generation 419 (4) (U.S: 4) -> [[2, 5, 1, 6, 4, 0, 7, 3], [4, 6, 0, 3, 1, 7, 5, 2], [4, 2, 0, 6, 1, 7, 5, 3], [5, 1, 6, 0, 3, 7, 4, 2]] 
Generation 420 (4) (U.S: 4) -> [[2, 5, 1, 6, 4, 0, 7, 3], [4, 6, 0, 3, 1, 7, 5, 2], [4, 2, 0, 6, 1, 7, 5, 3], [5, 1, 6, 0, 3, 7, 4, 2]] 
Generation 421 (4) (U.S: 4) -> [[2, 5, 1, 6, 4, 0, 7, 3], [4, 6, 0, 3, 1, 7, 5, 2], [4, 2, 0, 6, 1, 7, 5, 3], [5, 1, 6, 0, 3, 7, 4, 2]] 
Generation 422 (4) (U.S: 4) -> [[2, 5, 1, 6, 4, 0, 7, 3], [4, 6, 0, 3, 1, 7, 5, 2], [4, 2, 0, 6, 1, 7, 5, 3], [5, 1, 6, 0, 3, 7, 4, 2]] 
Generation 423 (4) (U.S: 4) -> [[2, 5, 1, 6, 4, 0, 7, 3], [4, 6, 0, 3, 1, 7, 5, 2], [4, 2, 0, 6, 1, 7, 5, 3], [5, 1, 6, 0, 3, 7, 4, 2]] 
Generation 424 (4) (U.S: 4) -> [[2, 5, 1, 6, 4, 0, 7, 3], [4, 6, 0, 3, 1, 7, 5, 2], [4, 2, 0, 6, 1, 7, 5, 3], [5, 1, 6, 0, 3, 7, 4, 2]] 
Generation 425 (4) (U.S: 4) -> [[2, 5, 1, 6, 4, 0, 7, 3], [4, 6, 0, 3, 1, 7, 5, 2], [4, 2, 0, 6, 1, 7, 5, 3], [5, 1, 6, 0, 3, 7, 4, 2]] 
Generation 426 (4) (U.S: 4) -> [[2, 5, 1, 6, 4, 0, 7, 3], [4, 6, 0, 3, 1, 7, 5, 2], [4, 2, 0, 6, 1, 7, 5, 3], [5, 1, 6, 0, 3, 7, 4, 2]] 
Generation 427 (4) (U.S: 4) -> [[2, 5, 1, 6, 4, 0, 7, 3], [4, 6, 0, 3, 1, 7, 5, 2], [4, 2, 0, 6, 1, 7, 5, 3], [5, 1, 6, 0, 3, 7, 4, 2]] 
Generation 428 (4) (U.S: 4) -> [[2, 5, 1, 6, 4, 0, 7, 3], [4, 6, 0, 3, 1, 7, 5, 2], [4, 2, 0, 6, 1, 7, 5, 3], [5, 1, 6, 0, 3, 7, 4, 2]] 
Generation 429 (4) (U.S: 4) -> [[2, 5, 1, 6, 4, 0, 7, 3], [4, 6, 0, 3, 1, 7, 5, 2], [4, 2, 0, 6, 1, 7, 5, 3], [5, 1, 6, 0, 3, 7, 4, 2]] 
Generation 430 (4) (U.S: 4) -> [[2, 5, 1, 6, 4, 0, 7, 3], [4, 6, 0, 3, 1, 7, 5, 2], [4, 2, 0, 6, 1, 7, 5, 3], [5, 1, 6, 0, 3, 7, 4, 2]] 
Generation 431 (4) (U.S: 4) -> [[2, 5, 1, 6, 4, 0, 7, 3], [4, 6, 0, 3, 1, 7, 5, 2], [4, 2, 0, 6, 1, 7, 5, 3], [5, 1, 6, 0, 3, 7, 4, 2]] 
Generation 432 (4) (U.S: 4) -> [[2, 5, 1, 6, 4, 0, 7, 3], [4, 6, 0, 3, 1, 7, 5, 2], [4, 2, 0, 6, 1, 7, 5, 3], [5, 1, 6, 0, 3, 7, 4, 2]] 
Generation 433 (4) (U.S: 4) -> [[2, 5, 1, 6, 4, 0, 7, 3], [4, 6, 0, 3, 1, 7, 5, 2], [4, 2, 0, 6, 1, 7, 5, 3], [5, 1, 6, 0, 3, 7, 4, 2]] 
Generation 434 (4) (U.S: 4) -> [[2, 5, 1, 6, 4, 0, 7, 3], [4, 6, 0, 3, 1, 7, 5, 2], [4, 2, 0, 6, 1, 7, 5, 3], [5, 1, 6, 0, 3, 7, 4, 2]] 
Generation 435 (4) (U.S: 4) -> [[2, 5, 1, 6, 4, 0, 7, 3], [4, 6, 0, 3, 1, 7, 5, 2], [4, 2, 0, 6, 1, 7, 5, 3], [5, 1, 6, 0, 3, 7, 4, 2]] 
Generation 436 (4) (U.S: 4) -> [[2, 5, 1, 6, 4, 0, 7, 3], [4, 6, 0, 3, 1, 7, 5, 2], [4, 2, 0, 6, 1, 7, 5, 3], [5, 1, 6, 0, 3, 7, 4, 2]] 
Generation 437 (4) (U.S: 4) -> [[2, 5, 1, 6, 4, 0, 7, 3], [4, 6, 0, 3, 1, 7, 5, 2], [4, 2, 0, 6, 1, 7, 5, 3], [5, 1, 6, 0, 3, 7, 4, 2]] 
Generation 438 (4) (U.S: 4) -> [[2, 5, 1, 6, 4, 0, 7, 3], [4, 6, 0, 3, 1, 7, 5, 2], [4, 2, 0, 6, 1, 7, 5, 3], [5, 1, 6, 0, 3, 7, 4, 2]] 
Generation 439 (4) (U.S: 4) -> [[2, 5, 1, 6, 4, 0, 7, 3], [4, 6, 0, 3, 1, 7, 5, 2], [4, 2, 0, 6, 1, 7, 5, 3], [5, 1, 6, 0, 3, 7, 4, 2]] 
Generation 440 (4) (U.S: 4) -> [[2, 5, 1, 6, 4, 0, 7, 3], [4, 6, 0, 3, 1, 7, 5, 2], [4, 2, 0, 6, 1, 7, 5, 3], [5, 1, 6, 0, 3, 7, 4, 2]] 
Generation 441 (4) (U.S: 4) -> [[2, 5, 1, 6, 4, 0, 7, 3], [4, 6, 0, 3, 1, 7, 5, 2], [4, 2, 0, 6, 1, 7, 5, 3], [5, 1, 6, 0, 3, 7, 4, 2]] 
Generation 442 (4) (U.S: 4) -> [[2, 5, 1, 6, 4, 0, 7, 3], [4, 6, 0, 3, 1, 7, 5, 2], [4, 2, 0, 6, 1, 7, 5, 3], [5, 1, 6, 0, 3, 7, 4, 2]] 
Generation 443 (4) (U.S: 4) -> [[2, 5, 1, 6, 4, 0, 7, 3], [4, 6, 0, 3, 1, 7, 5, 2], [4, 2, 0, 6, 1, 7, 5, 3], [5, 1, 6, 0, 3, 7, 4, 2]] 
Generation 444 (4) (U.S: 4) -> [[2, 5, 1, 6, 4, 0, 7, 3], [4, 6, 0, 3, 1, 7, 5, 2], [4, 2, 0, 6, 1, 7, 5, 3], [5, 1, 6, 0, 3, 7, 4, 2]] 
Generation 445 (4) (U.S: 4) -> [[2, 5, 1, 6, 4, 0, 7, 3], [4, 6, 0, 3, 1, 7, 5, 2], [4, 2, 0, 6, 1, 7, 5, 3], [5, 1, 6, 0, 3, 7, 4, 2]] 
Generation 446 (4) (U.S: 4) -> [[2, 5, 1, 6, 4, 0, 7, 3], [4, 6, 0, 3, 1, 7, 5, 2], [4, 2, 0, 6, 1, 7, 5, 3], [5, 1, 6, 0, 3, 7, 4, 2]] 
Generation 447 (4) (U.S: 4) -> [[2, 5, 1, 6, 4, 0, 7, 3], [4, 6, 0, 3, 1, 7, 5, 2], [4, 2, 0, 6, 1, 7, 5, 3], [5, 1, 6, 0, 3, 7, 4, 2]] 
Generation 448 (4) (U.S: 4) -> [[2, 5, 1, 6, 4, 0, 7, 3], [4, 6, 0, 3, 1, 7, 5, 2], [4, 2, 0, 6, 1, 7, 5, 3], [5, 1, 6, 0, 3, 7, 4, 2]] 
Generation 449 (4) (U.S: 4) -> [[2, 5, 1, 6, 4, 0, 7, 3], [4, 6, 0, 3, 1, 7, 5, 2], [4, 2, 0, 6, 1, 7, 5, 3], [5, 1, 6, 0, 3, 7, 4, 2]] 
Generation 450 (4) (U.S: 4) -> [[2, 5, 1, 6, 4, 0, 7, 3], [4, 6, 0, 3, 1, 7, 5, 2], [4, 2, 0, 6, 1, 7, 5, 3], [5, 1, 6, 0, 3, 7, 4, 2]] 
Generation 451 (4) (U.S: 4) -> [[2, 5, 1, 6, 4, 0, 7, 3], [4, 6, 0, 3, 1, 7, 5, 2], [4, 2, 0, 6, 1, 7, 5, 3], [5, 1, 6, 0, 3, 7, 4, 2]] 
Generation 452 (4) (U.S: 4) -> [[2, 5, 1, 6, 4, 0, 7, 3], [4, 6, 0, 3, 1, 7, 5, 2], [4, 2, 0, 6, 1, 7, 5, 3], [5, 1, 6, 0, 3, 7, 4, 2]] 
Generation 453 (4) (U.S: 4) -> [[2, 5, 1, 6, 4, 0, 7, 3], [4, 6, 0, 3, 1, 7, 5, 2], [4, 2, 0, 6, 1, 7, 5, 3], [5, 1, 6, 0, 3, 7, 4, 2]] 
Generation 454 (4) (U.S: 4) -> [[2, 5, 1, 6, 4, 0, 7, 3], [4, 6, 0, 3, 1, 7, 5, 2], [4, 2, 0, 6, 1, 7, 5, 3], [5, 1, 6, 0, 3, 7, 4, 2]] 
Generation 455 (4) (U.S: 4) -> [[2, 5, 1, 6, 4, 0, 7, 3], [4, 6, 0, 3, 1, 7, 5, 2], [4, 2, 0, 6, 1, 7, 5, 3], [5, 1, 6, 0, 3, 7, 4, 2]] 
Generation 456 (4) (U.S: 4) -> [[2, 5, 1, 6, 4, 0, 7, 3], [4, 6, 0, 3, 1, 7, 5, 2], [4, 2, 0, 6, 1, 7, 5, 3], [5, 1, 6, 0, 3, 7, 4, 2]] 
Generation 457 (4) (U.S: 4) -> [[2, 5, 1, 6, 4, 0, 7, 3], [4, 6, 0, 3, 1, 7, 5, 2], [4, 2, 0, 6, 1, 7, 5, 3], [5, 1, 6, 0, 3, 7, 4, 2]] 
Generation 458 (4) (U.S: 4) -> [[2, 5, 1, 6, 4, 0, 7, 3], [4, 6, 0, 3, 1, 7, 5, 2], [4, 2, 0, 6, 1, 7, 5, 3], [5, 1, 6, 0, 3, 7, 4, 2]] 
Generation 459 (4) (U.S: 4) -> [[2, 5, 1, 6, 4, 0, 7, 3], [4, 6, 0, 3, 1, 7, 5, 2], [4, 2, 0, 6, 1, 7, 5, 3], [5, 1, 6, 0, 3, 7, 4, 2]] 
Generation 460 (4) (U.S: 4) -> [[2, 5, 1, 6, 4, 0, 7, 3], [4, 6, 0, 3, 1, 7, 5, 2], [4, 2, 0, 6, 1, 7, 5, 3], [5, 1, 6, 0, 3, 7, 4, 2]] 
Generation 461 (4) (U.S: 4) -> [[2, 5, 1, 6, 4, 0, 7, 3], [4, 6, 0, 3, 1, 7, 5, 2], [4, 2, 0, 6, 1, 7, 5, 3], [5, 1, 6, 0, 3, 7, 4, 2]] 
Generation 462 (4) (U.S: 4) -> [[2, 5, 1, 6, 4, 0, 7, 3], [4, 6, 0, 3, 1, 7, 5, 2], [4, 2, 0, 6, 1, 7, 5, 3], [5, 1, 6, 0, 3, 7, 4, 2]] 
Generation 463 (4) (U.S: 4) -> [[2, 5, 1, 6, 4, 0, 7, 3], [4, 6, 0, 3, 1, 7, 5, 2], [4, 2, 0, 6, 1, 7, 5, 3], [5, 1, 6, 0, 3, 7, 4, 2]] 
Generation 464 (4) (U.S: 4) -> [[2, 5, 1, 6, 4, 0, 7, 3], [4, 6, 0, 3, 1, 7, 5, 2], [4, 2, 0, 6, 1, 7, 5, 3], [5, 1, 6, 0, 3, 7, 4, 2]] 
Generation 465 (4) (U.S: 4) -> [[2, 5, 1, 6, 4, 0, 7, 3], [4, 6, 0, 3, 1, 7, 5, 2], [4, 2, 0, 6, 1, 7, 5, 3], [5, 1, 6, 0, 3, 7, 4, 2]] 
Generation 466 (4) (U.S: 4) -> [[2, 5, 1, 6, 4, 0, 7, 3], [4, 6, 0, 3, 1, 7, 5, 2], [4, 2, 0, 6, 1, 7, 5, 3], [5, 1, 6, 0, 3, 7, 4, 2]] 
Generation 467 (4) (U.S: 4) -> [[2, 5, 1, 6, 4, 0, 7, 3], [4, 6, 0, 3, 1, 7, 5, 2], [4, 2, 0, 6, 1, 7, 5, 3], [5, 1, 6, 0, 3, 7, 4, 2]] 
Generation 468 (4) (U.S: 4) -> [[2, 5, 1, 6, 4, 0, 7, 3], [4, 6, 0, 3, 1, 7, 5, 2], [4, 2, 0, 6, 1, 7, 5, 3], [5, 1, 6, 0, 3, 7, 4, 2]] 
Generation 469 (4) (U.S: 4) -> [[2, 5, 1, 6, 4, 0, 7, 3], [4, 6, 0, 3, 1, 7, 5, 2], [4, 2, 0, 6, 1, 7, 5, 3], [5, 1, 6, 0, 3, 7, 4, 2]] 
Generation 470 (4) (U.S: 4) -> [[2, 5, 1, 6, 4, 0, 7, 3], [4, 6, 0, 3, 1, 7, 5, 2], [4, 2, 0, 6, 1, 7, 5, 3], [5, 1, 6, 0, 3, 7, 4, 2]] 
Generation 471 (4) (U.S: 4) -> [[2, 5, 1, 6, 4, 0, 7, 3], [4, 6, 0, 3, 1, 7, 5, 2], [4, 2, 0, 6, 1, 7, 5, 3], [5, 1, 6, 0, 3, 7, 4, 2]] 
Generation 472 (4) (U.S: 4) -> [[2, 5, 1, 6, 4, 0, 7, 3], [4, 6, 0, 3, 1, 7, 5, 2], [4, 2, 0, 6, 1, 7, 5, 3], [5, 1, 6, 0, 3, 7, 4, 2]] 
Generation 473 (4) (U.S: 4) -> [[2, 5, 1, 6, 4, 0, 7, 3], [4, 6, 0, 3, 1, 7, 5, 2], [4, 2, 0, 6, 1, 7, 5, 3], [5, 1, 6, 0, 3, 7, 4, 2]] 
Generation 474 (4) (U.S: 4) -> [[2, 5, 1, 6, 4, 0, 7, 3], [4, 6, 0, 3, 1, 7, 5, 2], [4, 2, 0, 6, 1, 7, 5, 3], [5, 1, 6, 0, 3, 7, 4, 2]] 
Generation 475 (4) (U.S: 4) -> [[2, 5, 1, 6, 4, 0, 7, 3], [4, 6, 0, 3, 1, 7, 5, 2], [4, 2, 0, 6, 1, 7, 5, 3], [5, 1, 6, 0, 3, 7, 4, 2]] 
Generation 476 (4) (U.S: 4) -> [[2, 5, 1, 6, 4, 0, 7, 3], [4, 6, 0, 3, 1, 7, 5, 2], [4, 2, 0, 6, 1, 7, 5, 3], [5, 1, 6, 0, 3, 7, 4, 2]] 
Generation 477 (4) (U.S: 4) -> [[2, 5, 1, 6, 4, 0, 7, 3], [4, 6, 0, 3, 1, 7, 5, 2], [4, 2, 0, 6, 1, 7, 5, 3], [5, 1, 6, 0, 3, 7, 4, 2]] 
Generation 478 (4) (U.S: 4) -> [[2, 5, 1, 6, 4, 0, 7, 3], [4, 6, 0, 3, 1, 7, 5, 2], [4, 2, 0, 6, 1, 7, 5, 3], [5, 1, 6, 0, 3, 7, 4, 2]] 
Generation 479 (4) (U.S: 4) -> [[2, 5, 1, 6, 4, 0, 7, 3], [4, 6, 0, 3, 1, 7, 5, 2], [4, 2, 0, 6, 1, 7, 5, 3], [5, 1, 6, 0, 3, 7, 4, 2]] 
Generation 480 (4) (U.S: 4) -> [[2, 5, 1, 6, 4, 0, 7, 3], [4, 6, 0, 3, 1, 7, 5, 2], [4, 2, 0, 6, 1, 7, 5, 3], [5, 1, 6, 0, 3, 7, 4, 2]] 
Generation 481 (4) (U.S: 4) -> [[2, 5, 1, 6, 4, 0, 7, 3], [4, 6, 0, 3, 1, 7, 5, 2], [4, 2, 0, 6, 1, 7, 5, 3], [5, 1, 6, 0, 3, 7, 4, 2]] 
Generation 482 (4) (U.S: 4) -> [[2, 5, 1, 6, 4, 0, 7, 3], [4, 6, 0, 3, 1, 7, 5, 2], [4, 2, 0, 6, 1, 7, 5, 3], [5, 1, 6, 0, 3, 7, 4, 2]] 
Generation 483 (4) (U.S: 4) -> [[2, 5, 1, 6, 4, 0, 7, 3], [4, 6, 0, 3, 1, 7, 5, 2], [4, 2, 0, 6, 1, 7, 5, 3], [5, 1, 6, 0, 3, 7, 4, 2]] 
Generation 484 (4) (U.S: 4) -> [[2, 5, 1, 6, 4, 0, 7, 3], [4, 6, 0, 3, 1, 7, 5, 2], [4, 2, 0, 6, 1, 7, 5, 3], [5, 1, 6, 0, 3, 7, 4, 2]] 
Generation 485 (4) (U.S: 4) -> [[2, 5, 1, 6, 4, 0, 7, 3], [4, 6, 0, 3, 1, 7, 5, 2], [4, 2, 0, 6, 1, 7, 5, 3], [5, 1, 6, 0, 3, 7, 4, 2]] 
Generation 486 (4) (U.S: 4) -> [[2, 5, 1, 6, 4, 0, 7, 3], [4, 6, 0, 3, 1, 7, 5, 2], [4, 2, 0, 6, 1, 7, 5, 3], [5, 1, 6, 0, 3, 7, 4, 2]] 
Generation 487 (4) (U.S: 4) -> [[2, 5, 1, 6, 4, 0, 7, 3], [4, 6, 0, 3, 1, 7, 5, 2], [4, 2, 0, 6, 1, 7, 5, 3], [5, 1, 6, 0, 3, 7, 4, 2]] 
Generation 488 (4) (U.S: 4) -> [[2, 5, 1, 6, 4, 0, 7, 3], [4, 6, 0, 3, 1, 7, 5, 2], [4, 2, 0, 6, 1, 7, 5, 3], [5, 1, 6, 0, 3, 7, 4, 2]] 
Generation 489 (4) (U.S: 4) -> [[2, 5, 1, 6, 4, 0, 7, 3], [4, 6, 0, 3, 1, 7, 5, 2], [4, 2, 0, 6, 1, 7, 5, 3], [5, 1, 6, 0, 3, 7, 4, 2]] 
Generation 490 (4) (U.S: 4) -> [[2, 5, 1, 6, 4, 0, 7, 3], [4, 6, 0, 3, 1, 7, 5, 2], [4, 2, 0, 6, 1, 7, 5, 3], [5, 1, 6, 0, 3, 7, 4, 2]] 
Generation 491 (4) (U.S: 4) -> [[2, 5, 1, 6, 4, 0, 7, 3], [4, 6, 0, 3, 1, 7, 5, 2], [4, 2, 0, 6, 1, 7, 5, 3], [5, 1, 6, 0, 3, 7, 4, 2]] 
Generation 492 (4) (U.S: 4) -> [[2, 5, 1, 6, 4, 0, 7, 3], [4, 6, 0, 3, 1, 7, 5, 2], [4, 2, 0, 6, 1, 7, 5, 3], [5, 1, 6, 0, 3, 7, 4, 2]] 
Generation 493 (4) (U.S: 4) -> [[2, 5, 1, 6, 4, 0, 7, 3], [4, 6, 0, 3, 1, 7, 5, 2], [4, 2, 0, 6, 1, 7, 5, 3], [5, 1, 6, 0, 3, 7, 4, 2]] 
Generation 494 (4) (U.S: 4) -> [[2, 5, 1, 6, 4, 0, 7, 3], [4, 6, 0, 3, 1, 7, 5, 2], [4, 2, 0, 6, 1, 7, 5, 3], [5, 1, 6, 0, 3, 7, 4, 2]] 
Generation 495 (4) (U.S: 4) -> [[2, 5, 1, 6, 4, 0, 7, 3], [4, 6, 0, 3, 1, 7, 5, 2], [4, 2, 0, 6, 1, 7, 5, 3], [5, 1, 6, 0, 3, 7, 4, 2]] 
Generation 496 (4) (U.S: 4) -> [[2, 5, 1, 6, 4, 0, 7, 3], [4, 6, 0, 3, 1, 7, 5, 2], [4, 2, 0, 6, 1, 7, 5, 3], [5, 1, 6, 0, 3, 7, 4, 2]] 
Generation 497 (4) (U.S: 4) -> [[2, 5, 1, 6, 4, 0, 7, 3], [4, 6, 0, 3, 1, 7, 5, 2], [4, 2, 0, 6, 1, 7, 5, 3], [5, 1, 6, 0, 3, 7, 4, 2]] 
Generation 498 (4) (U.S: 4) -> [[2, 5, 1, 6, 4, 0, 7, 3], [4, 6, 0, 3, 1, 7, 5, 2], [4, 2, 0, 6, 1, 7, 5, 3], [5, 1, 6, 0, 3, 7, 4, 2]] 
Generation 499 (4) (U.S: 4) -> [[2, 5, 1, 6, 4, 0, 7, 3], [4, 6, 0, 3, 1, 7, 5, 2], [4, 2, 0, 6, 1, 7, 5, 3], [5, 1, 6, 0, 3, 7, 4, 2]] 
Generation 500 (4) (U.S: 4) -> [[2, 5, 1, 6, 4, 0, 7, 3], [4, 6, 0, 3, 1, 7, 5, 2], [4, 2, 0, 6, 1, 7, 5, 3], [5, 1, 6, 0, 3, 7, 4, 2]] 
------------------------------------ 
The 4 solutions found are: 
2
5
1
6
4
0
7
3
4
6
0
3
1
7
5
2
4
2
0
6
1
7
5
3
5
1
6
0
3
7
4
2
