Objective Function: Diversity 
lengthPopulation: 100 
lengthChromosome: 8 
lengthMatingPool: 80 
generations:  100 
------------------------------------ 
Selection Method: Roulette 
Reproduction Method: Cross and mutation 
Replacement Selection Method: Weakest Replacement 

Results: 
Generation 1 (1) (U.S: 1) -> [[4, 0, 7, 3, 1, 6, 2, 5]] 
Generation 2 (1) (U.S: 1) -> [[4, 0, 7, 3, 1, 6, 2, 5]] 
Generation 3 (1) (U.S: 1) -> [[4, 0, 7, 3, 1, 6, 2, 5]] 
Generation 4 (1) (U.S: 1) -> [[4, 0, 7, 3, 1, 6, 2, 5]] 
Generation 5 (1) (U.S: 1) -> [[4, 0, 7, 3, 1, 6, 2, 5]] 
Generation 6 (1) (U.S: 1) -> [[4, 0, 7, 3, 1, 6, 2, 5]] 
Generation 7 (1) (U.S: 1) -> [[4, 0, 7, 3, 1, 6, 2, 5]] 
Generation 8 (1) (U.S: 1) -> [[4, 0, 7, 3, 1, 6, 2, 5]] 
Generation 9 (1) (U.S: 1) -> [[4, 0, 7, 3, 1, 6, 2, 5]] 
Generation 10 (1) (U.S: 1) -> [[4, 0, 7, 3, 1, 6, 2, 5]] 
Generation 11 (1) (U.S: 1) -> [[4, 0, 7, 3, 1, 6, 2, 5]] 
Generation 12 (1) (U.S: 1) -> [[4, 0, 7, 3, 1, 6, 2, 5]] 
Generation 13 (1) (U.S: 1) -> [[4, 0, 7, 3, 1, 6, 2, 5]] 
Generation 14 (1) (U.S: 1) -> [[4, 0, 7, 3, 1, 6, 2, 5]] 
Generation 15 (1) (U.S: 1) -> [[4, 0, 7, 3, 1, 6, 2, 5]] 
Generation 16 (2) (U.S: 2) -> [[4, 0, 7, 3, 1, 6, 2, 5], [4, 1, 7, 0, 3, 6, 2, 5]] 
Generation 17 (2) (U.S: 2) -> [[4, 0, 7, 3, 1, 6, 2, 5], [4, 1, 7, 0, 3, 6, 2, 5]] 
Generation 18 (2) (U.S: 2) -> [[4, 0, 7, 3, 1, 6, 2, 5], [4, 1, 7, 0, 3, 6, 2, 5]] 
Generation 19 (2) (U.S: 2) -> [[4, 0, 7, 3, 1, 6, 2, 5], [4, 1, 7, 0, 3, 6, 2, 5]] 
Generation 20 (2) (U.S: 2) -> [[4, 0, 7, 3, 1, 6, 2, 5], [4, 1, 7, 0, 3, 6, 2, 5]] 
Generation 21 (2) (U.S: 2) -> [[4, 0, 7, 3, 1, 6, 2, 5], [4, 1, 7, 0, 3, 6, 2, 5]] 
Generation 22 (2) (U.S: 2) -> [[4, 0, 7, 3, 1, 6, 2, 5], [4, 1, 7, 0, 3, 6, 2, 5]] 
Generation 23 (2) (U.S: 2) -> [[4, 0, 7, 3, 1, 6, 2, 5], [4, 1, 7, 0, 3, 6, 2, 5]] 
Generation 24 (2) (U.S: 2) -> [[4, 0, 7, 3, 1, 6, 2, 5], [4, 1, 7, 0, 3, 6, 2, 5]] 
Generation 25 (2) (U.S: 2) -> [[4, 0, 7, 3, 1, 6, 2, 5], [4, 1, 7, 0, 3, 6, 2, 5]] 
Generation 26 (2) (U.S: 2) -> [[4, 0, 7, 3, 1, 6, 2, 5], [4, 1, 7, 0, 3, 6, 2, 5]] 
Generation 27 (2) (U.S: 2) -> [[4, 0, 7, 3, 1, 6, 2, 5], [4, 1, 7, 0, 3, 6, 2, 5]] 
Generation 28 (2) (U.S: 2) -> [[4, 0, 7, 3, 1, 6, 2, 5], [4, 1, 7, 0, 3, 6, 2, 5]] 
Generation 29 (2) (U.S: 2) -> [[4, 0, 7, 3, 1, 6, 2, 5], [4, 1, 7, 0, 3, 6, 2, 5]] 
Generation 30 (2) (U.S: 2) -> [[4, 0, 7, 3, 1, 6, 2, 5], [4, 1, 7, 0, 3, 6, 2, 5]] 
Generation 31 (2) (U.S: 2) -> [[4, 0, 7, 3, 1, 6, 2, 5], [4, 1, 7, 0, 3, 6, 2, 5]] 
Generation 32 (2) (U.S: 2) -> [[4, 0, 7, 3, 1, 6, 2, 5], [4, 1, 7, 0, 3, 6, 2, 5]] 
Generation 33 (2) (U.S: 2) -> [[4, 0, 7, 3, 1, 6, 2, 5], [4, 1, 7, 0, 3, 6, 2, 5]] 
Generation 34 (2) (U.S: 2) -> [[4, 0, 7, 3, 1, 6, 2, 5], [4, 1, 7, 0, 3, 6, 2, 5]] 
Generation 35 (2) (U.S: 2) -> [[4, 0, 7, 3, 1, 6, 2, 5], [4, 1, 7, 0, 3, 6, 2, 5]] 
Generation 36 (2) (U.S: 2) -> [[4, 0, 7, 3, 1, 6, 2, 5], [4, 1, 7, 0, 3, 6, 2, 5]] 
Generation 37 (2) (U.S: 2) -> [[4, 0, 7, 3, 1, 6, 2, 5], [4, 1, 7, 0, 3, 6, 2, 5]] 
Generation 38 (2) (U.S: 2) -> [[4, 0, 7, 3, 1, 6, 2, 5], [4, 1, 7, 0, 3, 6, 2, 5]] 
Generation 39 (2) (U.S: 2) -> [[4, 0, 7, 3, 1, 6, 2, 5], [4, 1, 7, 0, 3, 6, 2, 5]] 
Generation 40 (2) (U.S: 2) -> [[4, 0, 7, 3, 1, 6, 2, 5], [4, 1, 7, 0, 3, 6, 2, 5]] 
Generation 41 (2) (U.S: 2) -> [[4, 0, 7, 3, 1, 6, 2, 5], [4, 1, 7, 0, 3, 6, 2, 5]] 
Generation 42 (2) (U.S: 2) -> [[4, 0, 7, 3, 1, 6, 2, 5], [4, 1, 7, 0, 3, 6, 2, 5]] 
Generation 43 (2) (U.S: 2) -> [[4, 0, 7, 3, 1, 6, 2, 5], [4, 1, 7, 0, 3, 6, 2, 5]] 
Generation 44 (2) (U.S: 2) -> [[4, 0, 7, 3, 1, 6, 2, 5], [4, 1, 7, 0, 3, 6, 2, 5]] 
Generation 45 (2) (U.S: 2) -> [[4, 0, 7, 3, 1, 6, 2, 5], [4, 1, 7, 0, 3, 6, 2, 5]] 
Generation 46 (2) (U.S: 2) -> [[4, 0, 7, 3, 1, 6, 2, 5], [4, 1, 7, 0, 3, 6, 2, 5]] 
Generation 47 (2) (U.S: 2) -> [[4, 0, 7, 3, 1, 6, 2, 5], [4, 1, 7, 0, 3, 6, 2, 5]] 
Generation 48 (2) (U.S: 2) -> [[4, 0, 7, 3, 1, 6, 2, 5], [4, 1, 7, 0, 3, 6, 2, 5]] 
Generation 49 (2) (U.S: 2) -> [[4, 0, 7, 3, 1, 6, 2, 5], [4, 1, 7, 0, 3, 6, 2, 5]] 
Generation 50 (3) (U.S: 2) -> [[4, 0, 7, 3, 1, 6, 2, 5], [4, 0, 7, 3, 1, 6, 2, 5], [4, 1, 7, 0, 3, 6, 2, 5]] 
Generation 51 (3) (U.S: 2) -> [[4, 0, 7, 3, 1, 6, 2, 5], [4, 0, 7, 3, 1, 6, 2, 5], [4, 1, 7, 0, 3, 6, 2, 5]] 
Generation 52 (3) (U.S: 2) -> [[4, 0, 7, 3, 1, 6, 2, 5], [4, 0, 7, 3, 1, 6, 2, 5], [4, 1, 7, 0, 3, 6, 2, 5]] 
Generation 53 (3) (U.S: 2) -> [[4, 0, 7, 3, 1, 6, 2, 5], [4, 0, 7, 3, 1, 6, 2, 5], [4, 1, 7, 0, 3, 6, 2, 5]] 
Generation 54 (3) (U.S: 2) -> [[4, 0, 7, 3, 1, 6, 2, 5], [4, 0, 7, 3, 1, 6, 2, 5], [4, 1, 7, 0, 3, 6, 2, 5]] 
Generation 55 (3) (U.S: 2) -> [[4, 0, 7, 3, 1, 6, 2, 5], [4, 0, 7, 3, 1, 6, 2, 5], [4, 1, 7, 0, 3, 6, 2, 5]] 
Generation 56 (3) (U.S: 2) -> [[4, 0, 7, 3, 1, 6, 2, 5], [4, 0, 7, 3, 1, 6, 2, 5], [4, 1, 7, 0, 3, 6, 2, 5]] 
Generation 57 (3) (U.S: 2) -> [[4, 0, 7, 3, 1, 6, 2, 5], [4, 0, 7, 3, 1, 6, 2, 5], [4, 1, 7, 0, 3, 6, 2, 5]] 
Generation 58 (3) (U.S: 2) -> [[4, 0, 7, 3, 1, 6, 2, 5], [4, 0, 7, 3, 1, 6, 2, 5], [4, 1, 7, 0, 3, 6, 2, 5]] 
Generation 59 (3) (U.S: 2) -> [[4, 0, 7, 3, 1, 6, 2, 5], [4, 0, 7, 3, 1, 6, 2, 5], [4, 1, 7, 0, 3, 6, 2, 5]] 
Generation 60 (3) (U.S: 2) -> [[4, 0, 7, 3, 1, 6, 2, 5], [4, 0, 7, 3, 1, 6, 2, 5], [4, 1, 7, 0, 3, 6, 2, 5]] 
Generation 61 (3) (U.S: 2) -> [[4, 0, 7, 3, 1, 6, 2, 5], [4, 0, 7, 3, 1, 6, 2, 5], [4, 1, 7, 0, 3, 6, 2, 5]] 
Generation 62 (3) (U.S: 2) -> [[4, 0, 7, 3, 1, 6, 2, 5], [4, 0, 7, 3, 1, 6, 2, 5], [4, 1, 7, 0, 3, 6, 2, 5]] 
Generation 63 (3) (U.S: 2) -> [[4, 0, 7, 3, 1, 6, 2, 5], [4, 0, 7, 3, 1, 6, 2, 5], [4, 1, 7, 0, 3, 6, 2, 5]] 
Generation 64 (3) (U.S: 2) -> [[4, 0, 7, 3, 1, 6, 2, 5], [4, 0, 7, 3, 1, 6, 2, 5], [4, 1, 7, 0, 3, 6, 2, 5]] 
Generation 65 (3) (U.S: 2) -> [[4, 0, 7, 3, 1, 6, 2, 5], [4, 0, 7, 3, 1, 6, 2, 5], [4, 1, 7, 0, 3, 6, 2, 5]] 
Generation 66 (3) (U.S: 2) -> [[4, 0, 7, 3, 1, 6, 2, 5], [4, 0, 7, 3, 1, 6, 2, 5], [4, 1, 7, 0, 3, 6, 2, 5]] 
Generation 67 (3) (U.S: 2) -> [[4, 0, 7, 3, 1, 6, 2, 5], [4, 0, 7, 3, 1, 6, 2, 5], [4, 1, 7, 0, 3, 6, 2, 5]] 
Generation 68 (3) (U.S: 2) -> [[4, 0, 7, 3, 1, 6, 2, 5], [4, 0, 7, 3, 1, 6, 2, 5], [4, 1, 7, 0, 3, 6, 2, 5]] 
Generation 69 (3) (U.S: 2) -> [[4, 0, 7, 3, 1, 6, 2, 5], [4, 0, 7, 3, 1, 6, 2, 5], [4, 1, 7, 0, 3, 6, 2, 5]] 
Generation 70 (3) (U.S: 2) -> [[4, 0, 7, 3, 1, 6, 2, 5], [4, 0, 7, 3, 1, 6, 2, 5], [4, 1, 7, 0, 3, 6, 2, 5]] 
Generation 71 (3) (U.S: 2) -> [[4, 0, 7, 3, 1, 6, 2, 5], [4, 0, 7, 3, 1, 6, 2, 5], [4, 1, 7, 0, 3, 6, 2, 5]] 
Generation 72 (3) (U.S: 2) -> [[4, 0, 7, 3, 1, 6, 2, 5], [4, 0, 7, 3, 1, 6, 2, 5], [4, 1, 7, 0, 3, 6, 2, 5]] 
Generation 73 (3) (U.S: 2) -> [[4, 0, 7, 3, 1, 6, 2, 5], [4, 0, 7, 3, 1, 6, 2, 5], [4, 1, 7, 0, 3, 6, 2, 5]] 
Generation 74 (3) (U.S: 2) -> [[4, 0, 7, 3, 1, 6, 2, 5], [4, 0, 7, 3, 1, 6, 2, 5], [4, 1, 7, 0, 3, 6, 2, 5]] 
Generation 75 (3) (U.S: 2) -> [[4, 0, 7, 3, 1, 6, 2, 5], [4, 0, 7, 3, 1, 6, 2, 5], [4, 1, 7, 0, 3, 6, 2, 5]] 
Generation 76 (3) (U.S: 2) -> [[4, 0, 7, 3, 1, 6, 2, 5], [4, 0, 7, 3, 1, 6, 2, 5], [4, 1, 7, 0, 3, 6, 2, 5]] 
Generation 77 (3) (U.S: 2) -> [[4, 0, 7, 3, 1, 6, 2, 5], [4, 0, 7, 3, 1, 6, 2, 5], [4, 1, 7, 0, 3, 6, 2, 5]] 
Generation 78 (3) (U.S: 2) -> [[4, 0, 7, 3, 1, 6, 2, 5], [4, 0, 7, 3, 1, 6, 2, 5], [4, 1, 7, 0, 3, 6, 2, 5]] 
Generation 79 (3) (U.S: 2) -> [[4, 0, 7, 3, 1, 6, 2, 5], [4, 0, 7, 3, 1, 6, 2, 5], [4, 1, 7, 0, 3, 6, 2, 5]] 
Generation 80 (3) (U.S: 2) -> [[4, 0, 7, 3, 1, 6, 2, 5], [4, 0, 7, 3, 1, 6, 2, 5], [4, 1, 7, 0, 3, 6, 2, 5]] 
Generation 81 (3) (U.S: 2) -> [[4, 0, 7, 3, 1, 6, 2, 5], [4, 0, 7, 3, 1, 6, 2, 5], [4, 1, 7, 0, 3, 6, 2, 5]] 
Generation 82 (3) (U.S: 2) -> [[4, 0, 7, 3, 1, 6, 2, 5], [4, 0, 7, 3, 1, 6, 2, 5], [4, 1, 7, 0, 3, 6, 2, 5]] 
Generation 83 (3) (U.S: 2) -> [[4, 0, 7, 3, 1, 6, 2, 5], [4, 0, 7, 3, 1, 6, 2, 5], [4, 1, 7, 0, 3, 6, 2, 5]] 
Generation 84 (3) (U.S: 2) -> [[4, 0, 7, 3, 1, 6, 2, 5], [4, 0, 7, 3, 1, 6, 2, 5], [4, 1, 7, 0, 3, 6, 2, 5]] 
Generation 85 (3) (U.S: 2) -> [[4, 0, 7, 3, 1, 6, 2, 5], [4, 0, 7, 3, 1, 6, 2, 5], [4, 1, 7, 0, 3, 6, 2, 5]] 
Generation 86 (3) (U.S: 2) -> [[4, 0, 7, 3, 1, 6, 2, 5], [4, 0, 7, 3, 1, 6, 2, 5], [4, 1, 7, 0, 3, 6, 2, 5]] 
Generation 87 (3) (U.S: 2) -> [[4, 0, 7, 3, 1, 6, 2, 5], [4, 0, 7, 3, 1, 6, 2, 5], [4, 1, 7, 0, 3, 6, 2, 5]] 
Generation 88 (3) (U.S: 2) -> [[4, 0, 7, 3, 1, 6, 2, 5], [4, 0, 7, 3, 1, 6, 2, 5], [4, 1, 7, 0, 3, 6, 2, 5]] 
Generation 89 (3) (U.S: 2) -> [[4, 0, 7, 3, 1, 6, 2, 5], [4, 0, 7, 3, 1, 6, 2, 5], [4, 1, 7, 0, 3, 6, 2, 5]] 
Generation 90 (3) (U.S: 2) -> [[4, 0, 7, 3, 1, 6, 2, 5], [4, 0, 7, 3, 1, 6, 2, 5], [4, 1, 7, 0, 3, 6, 2, 5]] 
Generation 91 (3) (U.S: 2) -> [[4, 0, 7, 3, 1, 6, 2, 5], [4, 0, 7, 3, 1, 6, 2, 5], [4, 1, 7, 0, 3, 6, 2, 5]] 
Generation 92 (3) (U.S: 2) -> [[4, 0, 7, 3, 1, 6, 2, 5], [4, 0, 7, 3, 1, 6, 2, 5], [4, 1, 7, 0, 3, 6, 2, 5]] 
Generation 93 (3) (U.S: 2) -> [[4, 0, 7, 3, 1, 6, 2, 5], [4, 0, 7, 3, 1, 6, 2, 5], [4, 1, 7, 0, 3, 6, 2, 5]] 
Generation 94 (3) (U.S: 2) -> [[4, 0, 7, 3, 1, 6, 2, 5], [4, 0, 7, 3, 1, 6, 2, 5], [4, 1, 7, 0, 3, 6, 2, 5]] 
Generation 95 (3) (U.S: 2) -> [[4, 0, 7, 3, 1, 6, 2, 5], [4, 0, 7, 3, 1, 6, 2, 5], [4, 1, 7, 0, 3, 6, 2, 5]] 
Generation 96 (3) (U.S: 2) -> [[4, 0, 7, 3, 1, 6, 2, 5], [4, 0, 7, 3, 1, 6, 2, 5], [4, 1, 7, 0, 3, 6, 2, 5]] 
Generation 97 (3) (U.S: 2) -> [[4, 0, 7, 3, 1, 6, 2, 5], [4, 0, 7, 3, 1, 6, 2, 5], [4, 1, 7, 0, 3, 6, 2, 5]] 
Generation 98 (3) (U.S: 2) -> [[4, 0, 7, 3, 1, 6, 2, 5], [4, 0, 7, 3, 1, 6, 2, 5], [4, 1, 7, 0, 3, 6, 2, 5]] 
Generation 99 (3) (U.S: 2) -> [[4, 0, 7, 3, 1, 6, 2, 5], [4, 0, 7, 3, 1, 6, 2, 5], [4, 1, 7, 0, 3, 6, 2, 5]] 
Generation 100 (3) (U.S: 2) -> [[4, 0, 7, 3, 1, 6, 2, 5], [4, 0, 7, 3, 1, 6, 2, 5], [4, 1, 7, 0, 3, 6, 2, 5]] 
------------------------------------ 
The 2 solutions found are: 
4
0
7
3
1
6
2
5
4
1
7
0
3
6
2
5
